1.208454152129472448e+02
9.395483621744278935e+01
9.488601085989114381e+01
1.075750249687173721e+02
1.150768020952206285e+02
1.270921155051601801e+02
1.042781265883938318e+02
9.935146015080205473e+01
1.008360960484754685e+02
1.014122041906603187e+02
9.627269832715828102e+01
9.544500368786864897e+01
9.302537920954625861e+01
9.265273270931783145e+01
9.498686082295824917e+01
8.935660743371946069e+01
8.679608689410743239e+01
8.508974502654402272e+01
8.026662844434864041e+01
7.460264588778144912e+01
7.389142067989035922e+01
7.027815731648347253e+01
6.850607638718693693e+01
5.566700192158455707e+01
5.942607730192007409e+01
5.629675955397143383e+01
5.454262643122183363e+01
5.845137990902102842e+01
5.336172645283769356e+01
5.354408347557046710e+01
5.454903175301562612e+01
5.326503802764812434e+01
5.487449408400936335e+01
5.447183285080938475e+01
5.353918703369535592e+01
5.543863827831701485e+01
4.974121455837177308e+01
4.882097255687948945e+01
4.791650576259484495e+01
4.893674764273320932e+01
4.424968247816960343e+01
4.431360887105579138e+01
5.037837791413045352e+01
4.389444361231607417e+01
4.598487975056240629e+01
4.576062196584875608e+01
4.451500900533128657e+01
4.217321137746915838e+01
4.509531050945400210e+01
4.399636737607819725e+01
4.288371694634263775e+01
3.959254693336704634e+01
4.350251928342841978e+01
4.415839978630754814e+01
4.216229084976482966e+01
3.961675164928110604e+01
3.795810010070263729e+01
4.187225345164490165e+01
3.873545367179791299e+01
4.048802420738029184e+01
3.954866761064120340e+01
4.151984555781466213e+01
3.857008738126474157e+01
4.096163847114353018e+01
3.791163958288797176e+01
3.925607872347270444e+01
3.622171061055469465e+01
3.813283229074747993e+01
4.231280538398596747e+01
3.643398874267018783e+01
3.641456740818986049e+01
3.923503440687343868e+01
3.951419581207508713e+01
4.045369232346271104e+01
3.719144936691866121e+01
3.714381544199373764e+01
3.779167830967132602e+01
3.950034511126528969e+01
3.823596317411113432e+01
4.021999868408477141e+01
3.941027677204090907e+01
3.901385771663052537e+01
3.915007426572488924e+01
3.635477650836028829e+01
3.898099961333730334e+01
3.944048353195181988e+01
3.744032434110992824e+01
3.985331930043447102e+01
3.840334284324025305e+01
3.908659532298659656e+01
3.759707033573867108e+01
3.968358284746617670e+01
3.355798381537183417e+01
3.615998971213782909e+01
4.420086957807244943e+01
4.086591787368445949e+01
3.730474312239714152e+01
3.928760414529982370e+01
3.943973864719500710e+01
3.808383062166359423e+01
3.331263571525440881e+01
3.384806186610132528e+01
3.753733702459531685e+01
3.742555648061748030e+01
3.779470843831690985e+01
3.692634783920681230e+01
3.912657274105371386e+01
3.670465825920404512e+01
3.855972236817954268e+01
3.396143915190200602e+01
3.196884344019860080e+01
3.177975831252501848e+01
3.735424239511211653e+01
3.679149430511196073e+01
3.721447216430220806e+01
3.515020242855599975e+01
3.643679777769705908e+01
3.360579666871997517e+01
4.053553669378911906e+01
4.078280567107458410e+01
3.090702840896497960e+01
3.222512614950999676e+01
3.368571447027114374e+01
3.054922085552881228e+01
3.867296146908374510e+01
3.631751204460323379e+01
3.671572835752431274e+01
3.007256200451341854e+01
3.682093306646922315e+01
3.709093512154825589e+01
3.527873892524840471e+01
3.397835320731805098e+01
3.860322039857646104e+01
3.663750995535360033e+01
3.648121205721019322e+01
3.101519506327975861e+01
3.165161518651446926e+01
3.323186020640671501e+01
3.103442624680581829e+01
3.397791787127874841e+01
3.330030148833036918e+01
3.218453562761599329e+01
3.260469077154578343e+01
3.189434476437549648e+01
2.915260535772643280e+01
3.275861209295906917e+01
2.793538544803737622e+01
3.218900022111508719e+01
2.923741925970603361e+01
3.007324955252847332e+01
3.437516616270954728e+01
3.392454927283605315e+01
3.242699318964764643e+01
3.589804088681734129e+01
3.216126118698817038e+01
3.261088340042257983e+01
3.329504616446800469e+01
3.411337349222375792e+01
3.051353687303747719e+01
3.050108304695860184e+01
3.229565280626866297e+01
3.183826595695086326e+01
2.983546369106048601e+01
3.732155747977306959e+01
3.148530148433873421e+01
2.926520647100733541e+01
3.101410509839336882e+01
3.000015144505783482e+01
3.454974468668054044e+01
3.309070887498781133e+01
3.230307910101403479e+01
3.231367405508432711e+01
3.111688057692013132e+01
3.248124029918799494e+01
3.372464665627721558e+01
2.757206701660458137e+01
3.507238243978684977e+01
3.107308842766160595e+01
2.955029010930311983e+01
2.892219952245737957e+01
3.351842572875899151e+01
3.066632699550648411e+01
3.261469051786245643e+01
2.672461177462234616e+01
3.045889290946513128e+01
2.807344438019481458e+01
3.141034216810252389e+01
2.976596543195469025e+01
3.321709379617925606e+01
3.005043642787008196e+01
2.708495469510625142e+01
2.728465263414418729e+01
2.985459612215939984e+01
2.913743234680896421e+01
2.978243727457855883e+01
2.826643363203054804e+01
2.879451600269724665e+01
2.750403504186327197e+01
2.767660057894574521e+01
2.788617232758117481e+01
2.574891802234630234e+01
3.061653327673122504e+01
2.826584549211713338e+01
2.644293897030074803e+01
2.417555076248164880e+01
2.692178403219643812e+01
2.801287859077514142e+01
2.941779339302397034e+01
2.737622121952826149e+01
2.791226116896023157e+01
2.321766442515492557e+01
2.532121180588818632e+01
2.513534990365451449e+01
2.778363752106368167e+01
2.719858775861153788e+01
2.783203686897329732e+01
2.751298799130443484e+01
2.888651451379043067e+01
2.935030716527720429e+01
2.508430228457275035e+01
2.608573665028350774e+01
2.766282418168291457e+01
2.691104730705160364e+01
2.952861007568019858e+01
2.511213146785285844e+01
2.809471688826849345e+01
2.271363406002175012e+01
2.673775093247265744e+01
2.899610312087553154e+01
2.746768099319250567e+01
2.875832614683788080e+01
2.951448555375605665e+01
2.510018977439898080e+01
2.271671955160282863e+01
2.948805655970806683e+01
2.715290511403676277e+01
2.428928683517445819e+01
2.501736698787653879e+01
2.611860735084644247e+01
2.827562407119701149e+01
2.409996473393876926e+01
2.445582883813775510e+01
3.056232241930506532e+01
2.763581775659375950e+01
2.704833061813521056e+01
2.555548791878260673e+01
2.652493538393058259e+01
2.731879778958670713e+01
2.403513775110673478e+01
2.994358236482703362e+01
2.999970694621298151e+01
2.616810950935044389e+01
2.682339688403293465e+01
3.088732366975338195e+01
2.814760590624569758e+01
2.505825846469987539e+01
2.719401482762246047e+01
2.632427790760625541e+01
2.620096526126040004e+01
2.410487072211836690e+01
2.774470437001741985e+01
2.896230944339210822e+01
3.423507658510970941e+01
2.918809612566437295e+01
3.013316955198665781e+01
2.610732818952538636e+01
2.676932578276148078e+01
2.912796194722948684e+01
3.144529317286548675e+01
2.826402279344824819e+01
2.952560926699237953e+01
2.817440325585920036e+01
2.480774173797579252e+01
2.705770199932120690e+01
2.466759453524286627e+01
2.894709740483934013e+01
2.911451179934820743e+01
3.042887384428989961e+01
2.522026164410079119e+01
2.157122801133588297e+01
2.483844892217945599e+01
2.322921983784118183e+01
2.612326533118870486e+01
2.993394238118554895e+01
2.389725524528832423e+01
2.888852869070432305e+01
2.645618686370598382e+01
3.052550064025285792e+01
2.411514498492299552e+01
2.486770095148432702e+01
2.344352202690849651e+01
2.701939613483778402e+01
2.826846305876165388e+01
2.388491363762584996e+01
2.671870688836776608e+01
2.327463466037499984e+01
2.441855919589282919e+01
2.288507532731022209e+01
2.797392344617689730e+01
2.368920776685433438e+01
2.126500796156771855e+01
2.470031554866762846e+01
2.262111306304500857e+01
2.535307256166250767e+01
2.397447883772405319e+01
2.492893992061635799e+01
2.348837250601281923e+01
2.468161500041901846e+01
2.634623294961660989e+01
2.120678496952638525e+01
2.148637443356304288e+01
2.491312177119744931e+01
2.309237620805625113e+01
2.274501658940443249e+01
2.131901842967111804e+01
2.345845182255402506e+01
2.515443277495490193e+01
2.602321779189145801e+01
2.441451115077637013e+01
2.436081940858419159e+01
2.515405551803295481e+01
2.573685184258338410e+01
2.638122729785657228e+01
2.192030362420469203e+01
2.719067575250186053e+01
2.478724296938018057e+01
2.539961286751915281e+01
2.881203449076133793e+01
2.401753647133081770e+01
2.185753727798828194e+01
2.091006058633112730e+01
2.412020004638678827e+01
2.354033326617819455e+01
2.221822416848347359e+01
2.449022662018139229e+01
2.257915801799097721e+01
2.404361900323754142e+01
2.355146698257681592e+01
2.433883125420770810e+01
2.448582418204726707e+01
2.277129932346591090e+01
2.239046051833218343e+01
2.229161983626422128e+01
2.375325053868021286e+01
2.597526087973037789e+01
2.039453654015376571e+01
2.087857526732994273e+01
1.801318026044722842e+01
2.102147366555614028e+01
2.675145430368216992e+01
2.192249918166479006e+01
2.725128508934510663e+01
2.473522724220176272e+01
2.052497359327997728e+01
2.911153343347299938e+01
2.252261446759034769e+01
2.562743306046944269e+01
1.949547429556407607e+01
2.891648047078274431e+01
2.148787830088042838e+01
2.340867889906690280e+01
2.255729825460676707e+01
2.325514062338427834e+01
2.101173373133326194e+01
2.665177603610591106e+01
2.326840115812466081e+01
2.149701667972614771e+01
1.958353229220764291e+01
2.258973151410400249e+01
2.826616927188465667e+01
2.077541481334063889e+01
2.249481176695520901e+01
2.043980115887387683e+01
2.314396700349728775e+01
2.323228758674862249e+01
2.206497721972105452e+01
2.488885159586056872e+01
2.152032198091062298e+01
2.061376785933992295e+01
2.102844491299472907e+01
2.334096284884117622e+01
2.347818139976687135e+01
2.385570206966672302e+01
2.223312304008592122e+01
2.314216162813453082e+01
2.111414509880380308e+01
1.951774708608378006e+01
1.967687898380547651e+01
2.284683552692974473e+01
2.338780159138089232e+01
2.258939469958672674e+01
2.495197108586917523e+01
2.412992743752579727e+01
2.266134247122764123e+01
2.357930214885248077e+01
2.434005494364760125e+01
2.487508371917427752e+01
2.452243131209340277e+01
2.469103623810951476e+01
2.359104648370196955e+01
2.396920748065234719e+01
1.664873369935057923e+01
2.252505363454790910e+01
2.115371666735713418e+01
2.339450217982760094e+01
2.399028066967793293e+01
2.548376118262460466e+01
2.142727514660079535e+01
2.070430208399417182e+01
2.308171578400697044e+01
2.219833238701906453e+01
2.106096548720835315e+01
2.484356261673991995e+01
2.242730227033030488e+01
2.125347849830040659e+01
2.011222568631784213e+01
2.238341713224862417e+01
1.820770313377584770e+01
2.074315601180871482e+01
2.403689708606068010e+01
2.257502224776779087e+01
1.958816571810279683e+01
1.948397364149553468e+01
2.279498103721130420e+01
2.034757328912619556e+01
1.936180884781116873e+01
1.964226656282854933e+01
2.019600222499273201e+01
2.269734065716201243e+01
1.811895054732980981e+01
1.986385817362798178e+01
2.442237963948371515e+01
1.956818237949558181e+01
2.268793718354945810e+01
2.355216262245981085e+01
1.915679962319772756e+01
2.026167745230657147e+01
2.057295297291623726e+01
2.300429712696621110e+01
1.827619107273653398e+01
2.183444038579126811e+01
2.138474440947269173e+01
2.155848565562143904e+01
1.787844277831612061e+01
1.627235910446938405e+01
1.857911847419781992e+01
2.302972221757845972e+01
2.017425429956581340e+01
2.153001882167253811e+01
2.152405191377155091e+01
2.067872509443728646e+01
1.984159372668088395e+01
1.786199978828420498e+01
2.013075737651631414e+01
1.997967343913478189e+01
2.281470710038658112e+01
1.682294703408267722e+01
1.762020290964158775e+01
1.755901850909983253e+01
1.947936014532519167e+01
1.908106314045171459e+01
2.047516759739382763e+01
2.223117458925719703e+01
2.296087402155630741e+01
1.969902552097589776e+01
1.912837070816180329e+01
1.991631175305091261e+01
1.853046202642421747e+01
1.973869505337768615e+01
2.166521845927277212e+01
2.015219887821044864e+01
2.112712232168341586e+01
2.077051369226471422e+01
2.006387453514793151e+01
2.010289335871817684e+01
2.156939558918758948e+01
1.791228564714511151e+01
2.167100237957655295e+01
1.935523775849162220e+01
2.206042481737235050e+01
2.147370341848244024e+01
1.876655739292054648e+01
2.173398844635143590e+01
2.078303158016457175e+01
1.642998888890907594e+01
2.517379679166744921e+01
1.921688292172900603e+01
1.809784857975253303e+01
2.215818707241595931e+01
2.180759023807745578e+01
2.011233035843395456e+01
2.048086111761006478e+01
2.031103798997160581e+01
2.092785837226416490e+01
2.040332107329582101e+01
1.854502818712726153e+01
2.335312901023840837e+01
1.733864666106393670e+01
2.087006427906085193e+01
1.904827430730022897e+01
1.895683039875987319e+01
1.420563230331053539e+01
1.812870100342869506e+01
2.109689548026821271e+01
2.213131904630361646e+01
1.806260335316865095e+01
1.680026347009331289e+01
1.906940592580073002e+01
1.982298444661653747e+01
2.053844477972579696e+01
2.346513296538839199e+01
2.102120596759860760e+01
2.144659748262303012e+01
2.147854741663294220e+01
2.172829682294816678e+01
1.840654927547453212e+01
2.147237380636013881e+01
1.841840110018323173e+01
1.855926479549967212e+01
1.722305648099821695e+01
2.152442605191501457e+01
1.804420674865009389e+01
1.875558273753217620e+01
2.060907959839960313e+01
2.046806755397308919e+01
1.500919824169640115e+01
1.666532419838053158e+01
1.858283090734800780e+01
1.786657819416495485e+01
2.031482559501406016e+01
1.568385235410603151e+01
1.646386672072196333e+01
2.381588362824095384e+01
1.869793578485139562e+01
2.175227127737095856e+01
2.044549038533936880e+01
2.178957143202377722e+01
2.075760582416619826e+01
1.959521180556835418e+01
1.950999511875719961e+01
2.022457301549497899e+01
2.225482288779902618e+01
2.142290668418657162e+01
2.144544759471599349e+01
1.909523782585994311e+01
1.508176987671612501e+01
1.823864226659596355e+01
2.105063043481003504e+01
2.221050555782952429e+01
1.949683320533647191e+01
1.876824354700211472e+01
1.886028340897570743e+01
1.801702847244467875e+01
1.903778778849752484e+01
2.267506860859704432e+01
1.912623283181556033e+01
1.446767356978335073e+01
1.760036709203298244e+01
2.190286875756009977e+01
1.744837430041505044e+01
1.817307611828148950e+01
1.860401523006087032e+01
2.202881437160733213e+01
1.495718735575760761e+01
1.943311296590745130e+01
1.990703297911898417e+01
1.701586859583771982e+01
1.752078709107355081e+01
1.887815625537272979e+01
1.889079156659589032e+01
1.833794760687247916e+01
1.861562473715809674e+01
1.865604510851753517e+01
2.068056488959908279e+01
1.588691808230910141e+01
1.892256728199211580e+01
2.072447464737250655e+01
1.889957638519761929e+01
1.674276367408192812e+01
2.089541045748267933e+01
1.526785073324870545e+01
1.901193393102826690e+01
1.754382215730496597e+01
2.057886855666682635e+01
2.093342694403978044e+01
1.938609971120190778e+01
2.402018809953203515e+01
2.078726908708344112e+01
1.905321344428817909e+01
1.431540051643088596e+01
1.781235529564036923e+01
1.786054293825988992e+01
2.374561728955651319e+01
1.857257495550534188e+01
1.995955027566054696e+01
1.807563256962218645e+01
1.899053955507497449e+01
2.045623393310686566e+01
1.968118600537446738e+01
1.754035470191914925e+01
1.695947566972010634e+01
1.596430794971355738e+01
1.963685580159068067e+01
1.534664661290791798e+01
1.727299950687069696e+01
1.705414205345951117e+01
1.557969882720408528e+01
1.745997232882049843e+01
1.957006258056939174e+01
1.740175281246067485e+01
1.556431092095238888e+01
1.501467775941899419e+01
1.906746642172762307e+01
1.641507270052571599e+01
2.083769473824411023e+01
1.515968868995616248e+01
1.605915058864096423e+01
1.947580386612271752e+01
1.506456397662284807e+01
1.734844547440848928e+01
1.805912286810578848e+01
1.728351585833270576e+01
2.072684713261379486e+01
1.981755483484585056e+01
1.591444382261129320e+01
1.823032351405770157e+01
1.825986626333602558e+01
1.769755042290474023e+01
1.692123231354026203e+01
2.015128587339196642e+01
1.700054823892745048e+01
1.748740139010065064e+01
1.800946955980921871e+01
1.852287305137778617e+01
1.565544364859315252e+01
1.979423938962909091e+01
1.805729785601018023e+01
1.685199410286839949e+01
1.486448941124403333e+01
1.850396216322372211e+01
1.580625625630923814e+01
1.598993436003293667e+01
1.646579257004503916e+01
1.920914620669087824e+01
1.858262372733648959e+01
2.117727545848835646e+01
1.873938190738992660e+01
1.829929433838496067e+01
1.618569975011781281e+01
1.885868933908865230e+01
1.803431678914216363e+01
1.621193085942013212e+01
2.266823349247884778e+01
1.622949011379975559e+01
1.678376403781691906e+01
1.712232855794056974e+01
1.785255779467178527e+01
1.990008971315270614e+01
2.197920226370598229e+01
1.641613046155236688e+01
1.735975587302391787e+01
2.168755944355001830e+01
1.578765068361210488e+01
2.088505817649297924e+01
1.742202701625834749e+01
1.674026630203410448e+01
1.837259705071350879e+01
1.797812713389761896e+01
1.890865833472821578e+01
1.510880812665740081e+01
1.879619620523783041e+01
1.459438850396853304e+01
2.185403554907363244e+01
1.533640942874932378e+01
1.752441968652281901e+01
1.815240578057548859e+01
1.768287873799846111e+01
1.687624264081160774e+01
1.418484257180622521e+01
1.865870204221979378e+01
1.567972581054490711e+01
1.488221002044149621e+01
1.836906912482226772e+01
1.416178567465241223e+01
1.761749477425883370e+01
1.872095554718310950e+01
1.690418019982607589e+01
1.677492378388811645e+01
1.640443718172550547e+01
1.613525094214165989e+01
1.987272363370919237e+01
1.596242871687111275e+01
2.231102346826568805e+01
1.940564126317375937e+01
1.728829899800951964e+01
1.696307677769332045e+01
1.631757772212692004e+01
1.777880369587958143e+01
1.597255798002105109e+01
1.600838925405934177e+01
1.797505827668328848e+01
1.831092518747015774e+01
1.830541535419672883e+01
2.010591582008017753e+01
1.830349576056248750e+01
1.846390958314490049e+01
1.668212564089306937e+01
1.702021608126664631e+01
1.713433676698608110e+01
1.826142470098283965e+01
1.472203936698501892e+01
1.875940922852537085e+01
2.228853300627248402e+01
1.957984400117950941e+01
1.656988056597615611e+01
1.778623370066236831e+01
2.094092716099402551e+01
1.454925529871594314e+01
1.849132102936010469e+01
1.473085356695215609e+01
1.593773330690257950e+01
1.985602747563561010e+01
1.772506897122792324e+01
1.506175348382066659e+01
1.394425944098303916e+01
1.597241980237475190e+01
1.620859998590100304e+01
2.031741619818147626e+01
1.955791983898845032e+01
2.034339799183417696e+01
1.633247916620352314e+01
1.456646268895930874e+01
1.278795805380737605e+01
1.594384379025485110e+01
1.788365100863979151e+01
1.678442806765107775e+01
1.843419606154637691e+01
1.867661944736058643e+01
1.611515027478240825e+01
1.834782911623325319e+01
1.737035503612196052e+01
1.595210897379324955e+01
1.927222523815764177e+01
1.801010716692193370e+01
1.752558571705640134e+01
1.764085833621481214e+01
1.488597981964409733e+01
1.881153556270184168e+01
1.598754470569286212e+01
1.854665876698259197e+01
1.669959566391203865e+01
1.405470828892565649e+01
1.865211633204047459e+01
1.631197026583765108e+01
1.707837986835917476e+01
1.695492928436511448e+01
1.661025482015049803e+01
1.502293846466789518e+01
1.672751256027111921e+01
1.948146626110752422e+01
1.194774039444568103e+01
1.682601539940406354e+01
1.412137892035373099e+01
1.396682604358734636e+01
1.661606991332551431e+01
2.063502706550039889e+01
1.632687015223784854e+01
1.485587785940076699e+01
1.387502695380304907e+01
1.477682038422453381e+01
1.765943974746796741e+01
1.888433410255172618e+01
1.486241108958037316e+01
1.432370691692570830e+01
1.761146643167597503e+01
1.892309214795663763e+01
1.531288399436413705e+01
1.678173652861523024e+01
1.449190420786057487e+01
1.292872542174905170e+01
1.865127090366673812e+01
1.572546994314114244e+01
1.546552785298961474e+01
1.921383387880085891e+01
1.621476634995095623e+01
1.513301655826052894e+01
1.889626890805294224e+01
1.659917260759501545e+01
1.489540056164500292e+01
1.781938597919837619e+01
1.975233640349590303e+01
1.929582047713264359e+01
1.757420761556211630e+01
1.329157116974182884e+01
1.625576416164137683e+01
1.549798979804714882e+01
1.710045948020430728e+01
1.749739898720916642e+01
1.916500400839247931e+01
1.564777814739182560e+01
1.564530834990892316e+01
1.476132173432323036e+01
1.489442215618465681e+01
1.534323002163836414e+01
1.562291446632611347e+01
1.778416784991742006e+01
1.748061574777883465e+01
1.899488264534219084e+01
1.614064505607996836e+01
1.419421977520269174e+01
1.819150701076377175e+01
1.139144213749107593e+01
1.497474263216559187e+01
1.599399363745976110e+01
1.796262122509115144e+01
2.068690199123852835e+01
1.897351978393452043e+01
2.012337770120261737e+01
1.419222364983369289e+01
1.456854973277384779e+01
1.478335517628356399e+01
1.490178662790580510e+01
1.808389742244031950e+01
1.721998111535260634e+01
1.886335801537305201e+01
1.918883048651722589e+01
1.721578938781472701e+01
1.408812967907335789e+01
1.643196484446584904e+01
1.821404148396563727e+01
1.675028601963028763e+01
1.405377376012902602e+01
1.720341440036381897e+01
1.523228620205868822e+01
1.790919956601836560e+01
1.596911452152174959e+01
1.790025981178510506e+01
1.662745784443568553e+01
1.811751757414977604e+01
1.615926710696319901e+01
1.479387833081189640e+01
1.533532752016828304e+01
1.668228588283392710e+01
1.561445067205128368e+01
2.025014096997902158e+01
1.339206471163572054e+01
1.652452167627948043e+01
1.469286208810736305e+01
1.741541662117354150e+01
1.690576000031665060e+01
1.458421327820230928e+01
1.764097555550969076e+01
1.404647093590297757e+01
1.589186196271979057e+01
1.749887675497410555e+01
1.608709064462408378e+01
1.853961918275950893e+01
1.429654242563876920e+01
1.297405083993505492e+01
1.832600111526102182e+01
1.711103952142427431e+01
1.708274860542573492e+01
1.628884993971161421e+01
1.768173920673319088e+01
1.549807837799784060e+01
1.548951281812554548e+01
1.783992893869099206e+01
1.502701136880713939e+01
1.946189588312768137e+01
1.392561881036548854e+01
1.766819491898518990e+01
1.716596737917571858e+01
1.521561218701315887e+01
1.627691302792755934e+01
1.496423210797409631e+01
1.738568043519106610e+01
1.818814195060845051e+01
1.672571192862119815e+01
1.369353815517624717e+01
1.681303184869383216e+01
1.596644465201964280e+01
1.811159649189346155e+01
1.286716930811171267e+01
2.033340016900994840e+01
1.897939903432969544e+01
1.539876512909821038e+01
1.427960371153905328e+01
2.039295876872542124e+01
1.660223870810365909e+01
1.573758926896688060e+01
1.757054677531993647e+01
1.612450789983959965e+01
1.957471990169879206e+01
1.482322841268968183e+01
1.585347662192230977e+01
1.482532404718272190e+01
1.666757664800991634e+01
1.242675669571647923e+01
1.935125188880867952e+01
1.641425527435773901e+01
1.241929330692631339e+01
1.713574606905234887e+01
1.331702461481772204e+01
1.549512439474368897e+01
1.694863796866926720e+01
1.785464705858449719e+01
1.824872567302390181e+01
1.723383894349032985e+01
1.604066874362046846e+01
1.761682142379671490e+01
1.394874164517620585e+01
1.443318135418216563e+01
1.785744932697135212e+01
1.483558436976881012e+01
1.670561978315299356e+01
1.332277147002680273e+01
1.641909274209459113e+01
2.015607456860923108e+01
1.660310461629487122e+01
1.620487701062639729e+01
1.422817751571948364e+01
1.783390605794412309e+01
1.737227774683591264e+01
1.447870170385743016e+01
1.457010612076548028e+01
1.769947922510887039e+01
1.697908746621775578e+01
1.714620792062110155e+01
1.472440445844629231e+01
1.492433613647445156e+01
1.719861353711012342e+01
1.972466201363634042e+01
1.397574862734519918e+01
1.627139863950329968e+01
1.653439464467533426e+01
1.575251159058395700e+01
1.435985946547199532e+01
1.640897644788588394e+01
1.960355918456637880e+01
1.483988213769606368e+01
1.736367037294868254e+01
1.831959143806382073e+01
1.713556094152938059e+01
2.041281819330481895e+01
2.133678109924897015e+01
1.302820873073133079e+01
1.817342805814207196e+01
1.467331928098948701e+01
1.606975104769985307e+01
1.305306283232275000e+01
1.993052675502787707e+01
1.439232606631948741e+01
1.484613669210489029e+01
1.596725113818710007e+01
1.800381868387141893e+01
1.601462138150816372e+01
1.866371613587762113e+01
1.632387964613290521e+01
1.390829184646275962e+01
1.936529431882734897e+01
1.504181534525741171e+01
1.699979402735218059e+01
1.129303563616229589e+01
1.701395456357560221e+01
1.682302399882933130e+01
1.651653858924341378e+01
1.382286225035156058e+01
1.749879589105644229e+01
1.502866202693438069e+01
1.608131725710335047e+01
1.390915207496965245e+01
1.612332089639282628e+01
1.650548050720503568e+01
1.336452288172933756e+01
1.337660486307983732e+01
1.328708971403923478e+01
1.409263854749219114e+01
1.493986282734372750e+01
1.263903741991596696e+01
1.317546083969853221e+01
1.423813642082555830e+01
1.250020672193967997e+01
1.451157861139370731e+01
1.435365479351112228e+01
1.857708857645797806e+01
1.430475503653658365e+01
1.597599863369571871e+01
1.604426086270158791e+01
1.781773807382739605e+01
1.391338665853711909e+01
1.898477816996447132e+01
1.532096133403488381e+01
1.433388967282577653e+01
1.401482459869313502e+01
1.721876278421789763e+01
1.599684292646629480e+01
1.569864588332335664e+01
1.417778202076906169e+01
1.466277581967776911e+01
1.455309699688694813e+01
