1.094882329615453953e+00
1.094612657877744422e+00
1.130382713563037322e+00
9.965789259215931395e-01
1.100306381537978107e+00
1.151681582074401522e+00
1.064624534469514439e+00
9.315844777551971490e-01
9.067860727333357795e-01
1.023667666028320156e+00
1.073715086598865387e+00
8.256367926382356393e-01
9.396585872054856736e-01
9.653058496718889270e-01
9.801696647225475179e-01
1.008186589112068710e+00
9.945512220832537498e-01
9.149505071808644585e-01
9.038814955149575558e-01
9.163682332045937073e-01
1.012151821440043120e+00
1.062646613063147338e+00
9.660849037829464248e-01
8.233017484913518480e-01
1.168172150789125840e+00
8.851548075397379645e-01
1.058883591288577009e+00
9.942340878032382978e-01
9.890996230773568820e-01
8.686929701896971556e-01
1.112776641658086207e+00
1.122295760985633217e+00
1.117041344923796142e+00
9.894704139572241264e-01
1.056580809090244655e+00
9.546499945376950569e-01
9.908416029778324141e-01
9.663432741548577676e-01
9.865938533219085205e-01
1.009101317908315920e+00
1.097899523908806074e+00
9.855372092497467484e-01
9.507745742229483099e-01
1.279437817373317410e+00
1.296154704007154157e+00
1.339052369257524244e+00
1.145519895339320637e+00
1.053526923665101256e+00
1.162442874261474746e+00
1.262233178554524216e+00
9.405670376088690610e-01
1.103335214840697409e+00
1.051299564988312341e+00
1.180342606652266202e+00
1.089080613134510989e+00
1.100001726908515165e+00
1.083618209307505742e+00
1.192644782163080786e+00
1.045509607071880120e+00
1.178629893646211624e+00
9.463654044851533831e-01
1.214025616536156926e+00
9.703802523797617763e-01
1.120923964575760934e+00
1.422856763253518064e+00
1.222204753418736800e+00
9.671325458639330463e-01
1.225682820165608700e+00
1.257270736904149366e+00
1.210623290830886267e+00
9.778769314096583676e-01
1.106552657752764013e+00
1.109955858142474439e+00
1.219212152384252512e+00
1.059348854407556439e+00
1.023132920906890231e+00
9.263340339859951200e-01
1.299182192425459181e+00
1.141471093703254835e+00
1.318362358066679008e+00
9.816654095445829231e-01
9.061911392126421605e-01
9.981190997884874516e-01
9.290853495668336404e-01
1.070843782390916266e+00
1.277011094978903749e+00
1.008287382680196798e+00
1.453961574024002168e+00
1.431265381311053853e+00
9.072476509564997293e-01
8.665544306134164154e-01
1.235614282140100162e+00
1.100404606102293403e+00
1.198590761937078586e+00
1.241854436286148999e+00
9.028540490265489771e-01
1.046832046185651732e+00
9.810460569356412863e-01
1.135763189639099391e+00
1.662629931863258692e+00
7.779063245323870612e-01
9.545723020588722241e-01
1.524633179460091359e+00
1.231569226178992116e+00
1.047458074419328700e+00
1.446993837130893468e+00
1.045887044184496517e+00
1.557378417874076604e+00
1.600673180350045355e+00
1.782276894355638630e+00
7.341127134231750784e-01
1.165787318037004194e+00
1.066001012137414827e+00
1.662627038545309688e+00
1.178948979325209034e+00
1.251481351223320049e+00
8.176332156691151765e-01
8.585727582082158804e-01
8.983306133627521062e-01
1.448784061991492012e+00
1.401984256128750328e+00
1.378137362248097908e+00
1.544025610672294047e+00
8.162313720128893113e-01
1.473754503610979372e+00
1.015282597573427203e+00
9.467570766955267780e-01
1.112148530709037741e+00
1.366339664718751568e+00
5.984346345983340143e-01
1.321315644420090418e+00
1.519777966449030959e+00
8.819525745223292246e-01
8.591526017306763130e-01
1.464128482752657945e+00
1.156226356632669150e+00
8.039579341018679992e-01
8.453716757067013532e-01
8.468828792448498399e-01
1.187315110803336848e+00
7.058867793376271127e-01
1.195129252124853991e+00
8.383235242833599887e-01
1.378748115002617958e+00
1.427035607295365827e+00
1.272678432727522679e+00
1.769387895873895333e+00
1.476884023633190601e+00
1.515104638699856121e+00
1.065027457653866083e+00
7.941715643369454680e-01
1.210757132143433834e+00
9.775883934997930957e-01
9.549782985966555060e-01
1.382912190627457738e+00
1.306715537239402369e+00
2.086062543816550985e+00
1.340887308885050588e+00
1.465217153791713356e+00
1.269331662024342222e+00
1.215854770070855517e+00
9.889857054354664889e-01
1.098638715499353991e+00
1.030436127579540395e+00
1.405826915361935159e+00
7.163045938498786569e-01
1.271728703573570041e+00
1.119787274129934840e+00
2.006712951471414819e+00
1.101329388205323889e+00
1.196523297145243081e+00
8.097286651006672109e-01
1.000299717513516873e+00
1.278171075131080636e+00
1.579080904204456681e+00
1.558713235461083313e+00
6.347808519376225700e-01
7.666654869980058518e-01
9.148017026839468935e-01
1.384829373539999686e+00
1.260303471406161391e+00
1.746449490066314336e+00
1.092494798433308434e+00
1.012211164666131591e+00
6.406320002223050425e-01
1.211044985717266709e+00
8.516905529492793114e-01
8.539684340208449909e-01
1.318914788281791539e+00
1.214719946351724644e+00
6.884719528972094160e-01
1.353441712894878579e+00
1.796678196094318780e+00
6.973358448184069358e-01
1.073790411916926146e+00
1.360395350329361985e+00
8.944498213072848980e-01
1.750106125246295274e+00
1.223916743215058611e+00
7.331944802939994732e-01
5.621295417545454365e-01
1.603032180052968103e+00
1.694331460360080532e+00
1.388550397506887357e+00
1.218237008949768496e+00
1.069451483901056710e+00
6.857379128566494231e-01
1.349353241324619423e+00
1.333359786057378704e+00
5.637279085404155454e-01
1.121735443605727855e+00
9.446988535397725650e-01
1.111489953533871589e+00
1.223986352357929741e+00
9.925465057446308803e-01
7.560555451592755327e-01
1.094175438946557444e+00
8.088997814776845985e-01
1.562589420114322447e+00
1.181140933931985604e+00
9.217205378512786096e-01
1.267564823214256897e+00
1.327879792716477381e+00
1.614246017153397661e+00
1.694389776227342992e+00
1.101656854853766188e+00
1.680281226108248482e+00
1.852863319859851199e+00
1.650843279255894913e+00
1.664267528651089290e+00
1.231526662072774725e+00
1.454015681673888283e+00
1.245420112800831980e+00
1.255288937634531976e+00
1.380719091237393670e+00
1.183850467040922450e+00
1.096142465054451121e+00
1.445172849354881439e+00
1.498871626469294283e+00
6.716814762768417157e-01
1.536754459727047717e+00
6.270252599722981879e-01
1.426421422932161676e+00
1.707185048103703418e+00
1.699502590822778769e+00
1.224549562825838711e+00
1.149607610193318807e+00
6.726089636219209078e-01
8.349982059883828134e-01
4.728855737548207649e-01
9.486268176733836377e-01
6.738530684969205042e-01
1.258726881246932328e+00
1.093664103155373546e+00
8.345419014852436534e-01
1.401480373800319645e+00
1.773839623359798168e+00
1.364971390155733433e+00
1.855433737158910024e+00
1.078109463736826035e+00
9.100914996767043297e-01
1.019703914548435009e+00
1.099545959160064035e+00
1.610434538397428339e+00
1.399422470958694875e+00
1.495359614732162390e+00
1.305709950322125223e+00
1.047445210419994943e+00
1.754267495103057461e+00
1.436267147144834944e+00
1.029031930743768530e+00
1.597334003954875570e+00
1.346701213946005282e+00
1.845251050922390945e+00
7.739434666960416376e-01
1.843849896239834862e+00
4.079632356017828254e-01
1.319517173162773505e+00
1.220774147096067797e+00
1.430993164898783698e+00
1.046988511236402353e+00
1.079649155753421352e+00
9.942847436867440214e-01
9.576474075537120267e-01
1.151199296586497001e+00
1.591906324483705060e+00
1.360330416748620319e+00
2.057442111817525454e+00
9.134273160742304443e-01
1.073603556307612950e+00
1.029322703909728132e+00
2.222369548818288187e+00
8.360817400520015319e-01
1.271398626886478755e+00
1.528258722306748973e+00
1.044863572050354739e+00
1.401891378628999707e+00
1.648237055814270047e+00
9.575509745470905942e-01
9.621892717597920752e-01
2.059714739069699263e+00
4.341624796873820857e-01
4.904850535440639647e-01
1.475759676146057409e+00
1.393168253548451530e+00
1.275804860375279404e+00
1.353830014383893943e+00
1.463107329381489796e+00
1.733334834634255861e+00
8.607960520539147398e-01
1.602321678488129564e+00
1.091434596570100668e+00
9.912096696620483760e-01
1.041999948740768289e+00
1.379710427875960210e+00
1.510250824621826027e+00
1.831904543256248852e+00
1.467315598793929698e+00
1.544631364310502297e+00
1.780250446096958150e+00
7.379758613600587713e-01
1.309435092678222556e+00
1.411173893052336759e+00
1.774369143328476728e+00
1.127441000352447986e+00
1.083196425422079834e+00
1.493319605870228717e+00
2.340896470293353904e+00
2.013516262941984269e+00
1.396399747056962681e+00
1.516437707161432780e+00
1.310738671568177915e+00
1.417136695116566480e+00
8.199949778962550839e-01
1.440955637362432817e+00
9.730066366860545823e-01
1.482698760765898793e+00
1.785707161456880021e+00
1.964649163789207398e+00
1.754366420475828248e+00
2.012508705653606178e+00
1.967619878813087420e+00
1.296452035185838181e+00
7.030720972262946011e-01
1.603178101854344950e+00
1.538523927478161912e+00
1.452078101560896561e+00
1.436704419440213432e+00
1.316184225202656988e+00
1.641938506913061202e+00
7.054438579180564162e-01
1.558648613134574923e+00
1.457847594821235937e+00
1.641314282665358837e+00
1.297197633413144757e+00
5.581151777862969343e-01
1.199712180831715491e+00
1.929754085792006357e+00
1.531375062168832013e+00
1.611829574143822663e+00
2.142954316881890975e+00
8.710893205425236374e-01
9.255985489252107623e-01
8.939445547122836233e-01
8.167556172498474654e-01
9.557301572424757863e-01
1.664428007810597521e+00
7.126169019397127213e-01
1.244288717552925361e+00
7.384406634127770319e-01
1.122316861268518151e+00
1.463170625211348996e+00
1.387058141693554791e+00
2.274286691400168259e+00
4.880922609808652779e-01
1.007607970151549015e+00
1.163170702385629696e+00
1.397241794449435304e+00
1.672501066609197062e+00
1.784206141608401186e+00
1.686953548273903758e+00
1.477883199644759671e+00
4.791074147235197533e-01
1.159555503502158746e+00
2.014177014811148414e+00
1.326807039255443854e+00
1.463758029183111375e+00
1.316498170851446048e+00
1.349192330452762878e+00
8.627843565523365399e-01
1.462378550998351345e+00
1.366713780185573990e+00
1.437429147390813178e+00
6.118651262059692231e-01
7.523432737007996751e-01
6.438062951407442780e-01
1.736523098825868416e+00
1.411799157699742180e+00
1.062563345125649317e+00
1.169158844901453609e+00
1.697728873172891229e+00
9.646518655796276764e-01
1.534413941506636236e+00
1.977307815063301444e+00
1.238260565672974156e+00
1.916928136188062126e+00
2.003108811411866697e+00
1.473218222804954847e+00
1.224581726478630284e+00
7.065689488875283031e-01
1.888065203848600548e+00
7.385077674585650565e-01
1.700758402065168706e+00
1.499383253326488363e+00
1.435944126867759740e+00
1.364443528467615740e+00
9.684285723926130407e-01
2.130163907731712047e+00
1.145268846397968776e+00
1.048137067624693497e+00
8.256927906218801683e-01
1.194578331945338467e+00
9.511103499661961447e-01
8.341485284854990301e-01
8.131176482685333884e-01
1.618348519856816603e+00
2.061120229902507539e+00
1.341665459227920687e+00
1.944782167513621873e+00
7.056408292192545284e-01
1.715160422754164804e+00
1.097053896919259586e+00
1.637161222480374656e+00
1.258943863492906878e+00
1.304950627025694532e+00
1.880318025072674981e+00
8.677781051996275030e-01
1.985868270184078632e+00
2.376175415346382991e+00
7.143281436917815475e-01
6.622324144908005028e-01
1.061301541379966462e+00
1.205156680032629435e+00
1.351129697997967227e+00
1.180833254756022743e+00
5.736714156612767734e-01
1.083744270897402551e+00
5.750703277712091444e-01
1.510985286999572574e+00
1.409632232797042528e+00
2.064620224412083704e+00
2.148885182325762422e+00
1.929311955920863353e+00
1.091097645756390122e+00
9.652476156182902001e-01
1.676488187576490763e+00
1.302372181494878101e+00
1.219384254193277117e+00
7.458886128291493112e-01
2.217283720561588289e+00
1.263703611516145742e+00
1.649744149824582617e+00
1.033769964956683385e+00
9.579563641622607095e-01
1.243153276792788198e+00
8.648154248651189757e-01
1.856486642763579331e+00
1.511795934318465706e+00
6.363207456305889353e-01
1.386839917071166495e+00
5.316631428507582191e-01
1.393650608038112582e+00
8.535402153139621806e-01
1.404753559644838168e+00
1.144187063318821140e+00
1.655413542485568712e+00
7.648881109124190392e-01
9.703620693294681132e-01
1.392413700590841463e+00
1.424698756767087238e+00
6.326144045641272085e-01
8.927107275384321694e-01
8.266243323051307712e-01
8.968051135374149885e-01
1.767659817125614152e+00
1.673263409914625299e+00
1.490916471330584914e+00
1.886351865569333430e+00
7.778607972630167122e-01
1.319758805967719884e+00
1.637465097651813251e+00
9.186685360606660078e-01
1.292231461093349187e+00
1.381080196764087331e+00
1.194294879596745185e+00
1.495168758198482495e+00
8.971283172932229544e-01
1.404282868391313777e+00
1.428823536687160001e+00
1.787128556040795235e+00
5.273178238802944673e-01
1.173375114337219083e+00
1.116278378862058496e+00
1.334343652053493479e+00
2.298421842664036596e+00
1.672948279702950458e+00
1.936230521632613888e+00
8.784921757821435584e-01
8.477444011754884379e-01
1.098103775491874989e+00
1.623518502583370049e+00
1.216244158933568631e+00
1.557264096999974035e+00
1.518190188826421982e+00
1.396045262584324931e+00
1.810831896242520722e+00
1.830577256846874112e+00
1.710957140482888494e+00
1.333169276156265015e+00
1.881391078686950324e+00
1.244636318415806686e+00
7.434640777629366593e-01
1.263175298878168817e+00
1.396953405749882915e+00
1.777283888207791707e+00
1.237544717894593305e+00
1.353665653951464432e+00
2.311376845505213051e+00
1.470026360031504442e+00
1.939566432703914600e+00
1.855890468492198186e+00
1.200145606869202020e+00
1.425768738774388256e+00
1.413826414461725633e+00
1.484965878834557884e+00
1.785144537022713696e+00
1.821996274394702464e+00
2.055159177322899655e+00
2.072110375927407766e+00
1.781749437612199394e+00
2.324497127559598475e+00
1.718888718281615935e+00
9.473827563429767507e-01
8.219233213864564069e-01
1.855923229425903154e+00
1.965947054435034591e+00
1.457826687126509535e+00
1.175292880481739521e+00
1.426478612494778364e+00
7.873164304728001994e-01
1.322948026800291110e+00
2.235105835784814143e+00
7.454887464944969233e-01
1.348253997067489829e+00
1.441734098368397721e+00
7.220652735075997475e-01
1.845111833862837614e+00
3.472208021140921752e-01
1.336907751028203917e+00
1.419774219034166451e+00
7.239035124512247510e-01
3.151009482547502127e-01
1.588761411577063409e+00
1.739777139813800666e+00
1.613600401517721217e+00
1.463416878306462054e+00
1.261019544503817036e+00
9.566663020537264916e-01
1.724968270385092373e+00
1.772914487923532345e+00
1.483949819144536386e+00
1.627762226718281857e+00
1.451876046630512063e+00
2.013056655154195962e+00
1.492740721144209193e+00
2.240174422083616168e+00
7.496724730996808805e-01
1.351742307883611049e+00
1.478935887781642533e+00
7.219113632791890334e-01
1.600835357855547203e+00
1.687442756417937728e+00
1.747494376992233089e+00
1.357675914315884524e+00
1.513566345106618360e+00
1.018102417559073158e+00
1.706898367457946986e+00
1.502642686024193042e+00
2.040019406404896873e+00
1.680856685140580176e+00
1.250425323967372604e+00
1.002660463865693519e+00
8.156540321323080267e-01
1.572360978860004144e+00
1.864797967796524292e+00
1.193370857782185546e+00
1.821131404444617852e+00
6.174270156176830948e-01
1.731765131996547691e+00
8.200212601248619837e-01
8.173309812482859593e-01
1.335171420935295394e+00
6.867501275806023875e-01
6.289401316997403901e-01
7.577861706277204679e-01
1.352772103602249976e+00
1.351009879624560428e+00
1.880164651580884083e+00
1.102049306022240938e+00
1.337658833362274979e+00
1.405956707417933327e+00
1.821655740053891304e+00
1.288308166649033248e+00
1.275838577278492592e+00
7.478336970255622385e-01
7.275114430839124680e-01
6.182570489204408659e-01
4.399891796771650543e-01
4.625687099289042536e-01
1.080994942812928183e+00
7.364212467023808495e-01
1.046250603242838473e+00
1.784451803449961238e+00
1.908812068783470872e+00
1.003329186637620607e+00
9.673271743362271691e-01
4.948840758977346432e-01
1.283550144234853141e+00
8.436726977675890193e-01
9.235354708260017365e-01
8.629026312575963642e-01
1.630478800195998668e+00
9.873726745988649078e-01
1.358453408487407144e+00
2.063847951973765582e+00
8.121911707497598831e-01
1.237245464989105814e+00
2.084041413977900881e+00
5.765249301965875706e-01
1.510400208022118385e+00
1.357734330800202338e+00
2.177012684312459090e+00
1.048854341003620627e+00
6.776569288812775982e-01
1.351035168169398615e+00
7.648584295820438639e-01
1.726055745097139438e+00
1.563524902154782570e+00
2.330729067758173567e+00
1.397107563937008745e+00
1.705843831895287765e+00
7.311022303560613667e-01
1.563889778364507377e+00
8.716741478791240061e-01
6.391791020374077981e-01
1.122981588892869809e+00
6.582770512704424481e-01
8.140290946700819985e-01
1.699949671291773656e+00
1.709604765289213901e+00
1.447807721357747823e+00
1.377851468530460144e+00
1.352215599097610799e+00
6.769224080746766292e-01
5.895646667372740346e-01
4.250192621871334286e-01
1.644912140065234452e+00
6.176421788613457586e-01
1.506667459063858017e+00
1.587011930030925999e+00
1.708100084795053819e+00
1.133556469140466039e+00
6.939379241580289071e-01
1.188862466492268899e+00
1.040616453161818722e+00
2.186553194831497127e+00
1.877492242983434423e+00
1.965098330824905704e+00
1.553546869398563679e+00
2.057139805973089430e+00
1.741753941751729373e+00
1.214374118636054600e+00
1.123835591775719900e+00
1.195685448796699912e+00
1.556195633097458009e+00
1.499369132739364563e+00
7.161711358800159077e-01
1.502137120399359205e+00
9.603497726704266491e-01
1.970647675964555035e+00
2.059484525412448530e+00
2.136255305428360618e+00
1.060145110565192450e+00
1.777251194030559533e+00
1.067432279568663489e+00
1.449366410811859129e+00
1.336333701019280840e+00
9.217965500325848716e-01
8.356090169039529503e-01
1.622179611072385397e+00
7.961889481384066825e-01
9.126893042698611680e-01
2.016038321373192499e+00
1.950447861169056329e+00
2.019822843952631786e+00
2.587012313331155333e+00
2.189028996368051594e+00
6.209281626471434556e-01
1.020062144895096612e+00
1.669940959870643837e+00
1.290388853930362512e+00
1.099038684117466413e+00
4.680035802566899772e-01
4.452162117343242964e-01
1.061199607416536850e+00
3.526565142444199608e-01
1.454995790277602730e+00
2.096523516635266038e+00
4.466284202041435059e-01
1.898299150157848114e+00
1.281997552435938159e+00
8.579634772949568111e-01
1.709891802348500800e+00
8.130515293106805874e-01
1.362460730926486896e+00
7.686491794409449074e-01
1.716762148309536995e+00
1.174985128103580800e+00
1.858397074147048578e+00
2.292871627047116334e+00
2.536961292585083516e+00
1.757141633447702578e+00
8.378158898358113449e-01
6.090089197611605609e-01
1.507279019842979739e+00
2.116695918987787639e+00
6.659908185513944145e-01
9.000166632997803617e-01
1.153626686204115348e+00
1.512026850172510484e+00
1.753048400681934238e+00
1.128005234955811176e+00
1.616855212406071329e+00
2.073669553800137955e+00
2.708890226777860732e+00
7.202975656855135078e-01
1.957047827798846340e+00
1.915005967356392391e+00
1.906140804695775293e+00
1.080028045299226802e+00
1.064627477871882277e+00
1.575084593478349060e+00
4.076481479774242134e-01
3.959236564509807654e-01
1.502942296117974585e+00
9.498674920461588345e-01
6.749716982544559096e-01
1.079623646106522061e+00
8.683872036356365953e-01
1.027352994568597522e+00
1.821457206203229706e+00
2.081456897837333120e+00
1.308429806729437539e+00
2.436107801380242854e+00
1.596113757037092240e+00
1.136968049758168897e+00
8.134625817754603805e-01
1.669517794885357453e+00
2.361969260949566163e+00
2.057675923370224869e+00
1.507905032005370405e+00
1.578140298215482851e+00
2.013601100518838116e+00
1.624323486586642273e+00
8.808080598133942729e-01
8.081762081220292826e-01
1.341634280419786496e+00
6.754147003316335329e-01
1.484665973935073380e+00
1.768757840433145656e+00
2.507804718009712275e+00
2.747496381745951233e+00
1.188547844271293785e+00
1.529557911683785631e+00
1.299117804064577442e+00
1.651413185889059942e+00
5.285979741972739454e-01
1.142994199093295249e+00
1.224593456600971075e+00
1.223808762102158498e+00
6.351734549432096477e-01
1.117633864026872592e+00
2.080821063248225133e+00
3.551692726876353734e-01
1.588638054024764656e+00
2.155521228805123535e+00
2.567978307923921566e+00
1.049448549098636940e+00
2.141130227877824588e+00
2.673719993422946750e+00
1.180873249305530059e+00
1.379030182486600919e+00
1.749342645405161711e+00
2.308858854918201420e+00
1.831517594726471465e+00
2.020918859448568305e+00
2.144634035168564878e+00
8.651916088275916072e-01
1.762379414184985782e+00
1.566826975648368814e+00
1.832600384422559125e+00
1.929643813767294658e+00
1.385476972397932771e+00
1.433307091468491112e+00
6.416839945103403053e-01
9.001860803160121050e-01
9.646083943919537829e-01
4.783377821050331935e-01
1.458037236678604076e+00
1.919061361959584655e+00
3.532051869325991134e-01
1.264178775379994901e+00
7.011495532108650286e-01
7.274020788206226884e-01
9.966918575339822617e-01
8.985216412596414015e-01
1.370119586575891724e+00
1.864691335749863788e+00
9.137934279629098544e-01
1.143855936192716527e+00
1.483788476927908606e+00
8.177063071070157507e-01
1.245204202275913774e+00
1.688533762482165912e+00
1.987777744656652024e+00
1.668834415772676660e+00
5.777593962998714971e-01
1.817472699437406192e+00
1.869664424414157811e+00
9.484780199183174831e-01
3.095165438559421278e-01
1.628968392395201414e+00
1.176095686117554662e+00
2.576283257382268044e+00
1.706338817805356456e+00
2.297237074211058161e+00
8.734207405254202916e-01
1.348821982367943262e+00
2.103843862900358630e+00
2.042310892823731017e+00
2.794212214652087578e-01
1.268659524206225075e+00
1.973092569209193847e+00
1.963581895942437150e+00
5.291162493260002098e-01
5.280485339365554864e-01
1.889151116549745435e+00
2.358270604303421170e+00
1.190835063694968499e+00
4.041899503585167919e-01
4.620106425362922042e-01
1.665806829460483307e+00
9.033019229993639598e-01
5.855202508480126244e-01
1.347344063612542442e+00
1.585788192183150036e+00
1.540735309375186102e+00
5.828693118219234748e-01
3.850449386272885022e-01
1.382303764717945471e+00
5.466277767496727780e-01
1.127317451498511147e+00
1.531868179540725849e+00
8.849082428342874840e-01
5.145966019515462175e-01
1.839339592028470305e+00
1.339410225398420806e+00
1.822923163416842129e+00
1.851358453857799624e+00
1.010768768912326365e+00
9.225032952533755992e-01
1.482067898443723442e+00
2.278322137416974424e+00
1.621410529899845798e+00
1.478053482169254806e+00
5.088458610921993142e-01
2.145707709435165533e+00
1.141307679577983292e+00
2.036260960812654730e+00
8.140724291420619041e-01
1.287792078782495464e+00
2.075729020120097523e+00
8.138305032703556652e-01
1.272468123441571342e+00
1.541786379571898014e+00
1.260166813815516207e+00
1.557698620988471783e+00
1.630009515031444645e+00
1.470574311682802060e+00
1.706458296422624699e+00
9.466059246511197012e-01
6.734148167051379197e-01
1.234178662447158237e+00
1.647283341266127188e+00
1.703324369461133303e+00
1.654457011676218281e+00
1.999554934845166665e+00
1.449424675513284910e+00
2.189942176831717546e+00
1.218126383770742116e+00
1.234113786913677568e+00
1.968827813802402904e+00
9.085900861279234686e-01
1.637913859497337477e+00
1.516959286417032704e+00
4.428004472990377249e-01
9.933269346559919777e-01
1.932624768173254681e+00
1.708645546974425278e+00
2.136866183072815950e+00
1.090046368535481980e+00
1.289436758327807464e+00
8.704683708104294926e-01
3.331746233562625781e-01
8.180868065976761860e-01
8.230783334273427121e-01
8.538024660313344727e-01
1.331988050315331851e+00
1.660618156625342845e+00
7.924766168373227337e-01
1.834187019491057224e+00
1.615962054322368502e+00
1.634292302155182286e+00
1.453867103918633497e+00
1.375332299287604032e+00
1.724658949394453744e+00
2.350894788351915565e+00
1.692250039345353896e+00
7.375272711365150613e-01
7.851441940473915526e-01
1.637345397727222096e+00
1.680211850390867623e+00
6.156057503845552281e-01
1.300229700164377000e+00
1.681793056230434846e+00
1.195784130716002869e+00
9.475659990107234698e-01
1.692922832558230839e+00
2.213120226991343864e-01
1.487184611433959081e+00
1.670211822683338898e+00
7.229693666402814411e-01
1.824051155883633091e-01
5.463268462117412128e-01
1.255862728854578947e+00
1.040064868544784638e+00
1.751827392208030076e+00
1.050453133129746419e+00
1.605103207713303393e+00
1.802898143675243370e+00
1.057462550434970616e+00
9.406768357362277344e-01
1.688960178269706347e+00
7.542477502027676861e-01
6.889860670948514398e-01
1.660914882112636048e+00
1.798404871005989891e+00
6.851600420436056993e-01
8.866015756527325653e-01
2.066561878420488441e+00
1.426035787468212135e+00
1.374454025878281360e+00
1.411519812651308881e+00
1.440637142418002670e+00
1.783560507414899243e+00
1.321921518274866036e+00
1.908046492914739156e+00
1.689949193173271080e+00
1.207939458559566193e+00
1.780003618287341327e+00
1.785833005324781730e+00
2.501149901135446996e+00
2.281410332152484344e+00
9.967948064089034999e-01
1.652648834694576019e+00
6.911651043465316668e-01
1.484106464021765159e+00
1.710616986081169300e+00
2.780756630115862382e+00
1.697622715212693700e+00
1.523150033059475827e+00
1.145957539528835056e+00
1.826668821718076874e+00
1.544128753247828501e+00
1.154316578141741489e+00
9.957774595867584511e-01
1.211971010712018515e+00
1.568665121393182371e+00
6.807406345991954266e-01
7.755542919749450759e-01
