6.964818426641176075e+01
8.851913345059280402e+00
6.009458927209516688e+00
3.703349438957475925e+00
2.777886181563114398e+00
2.439667472141307414e+00
2.449514893664280102e+00
2.168041991195587492e+00
2.139609816522321850e+00
2.041996548763257646e+00
1.871506450092139673e+00
1.697237519313468335e+00
1.513707125361359651e+00
1.446964596233756284e+00
1.290252672051876992e+00
1.203398559691767122e+00
1.204841692476764203e+00
1.323286020375844085e+00
1.155408621590253704e+00
1.150776300362186921e+00
1.037982862881972945e+00
9.988180750801221031e-01
9.972020461705000116e-01
8.721551179897375494e-01
9.253594746456247355e-01
7.772766486703460709e-01
7.741465700077390100e-01
7.390189699585997252e-01
9.032310748335322659e-01
8.192384342853151757e-01
9.078276555099078493e-01
8.639335675729387098e-01
8.223066409139565547e-01
7.681846764368928104e-01
8.066808496369322068e-01
8.046313310001852459e-01
7.463272082216042547e-01
7.508375154039939048e-01
8.044793233778210206e-01
6.836129549442301334e-01
6.363786752220527143e-01
5.776609398381202798e-01
8.299208121576140407e-01
5.787085278366554952e-01
6.618045651727930689e-01
5.849717021672922179e-01
6.170638231115742611e-01
4.930707480824094158e-01
5.305284936002431229e-01
4.964798054514233394e-01
4.266052926259027434e-01
5.228961446505715482e-01
5.947325231034721327e-01
6.484580761865423870e-01
6.126863936167217251e-01
5.728222100407296402e-01
5.721997141748415006e-01
5.406505949675547429e-01
5.764028403028373937e-01
6.135219341844013741e-01
7.021445047469171419e-01
5.775619181367790400e-01
6.146880290135510183e-01
6.239420636371368900e-01
6.162520436935443602e-01
6.068305634953323757e-01
5.733049409843256061e-01
5.497741750441561548e-01
6.361768114271215691e-01
6.578113597655675937e-01
6.673694165990561311e-01
5.208259381136417510e-01
6.633783625013971452e-01
5.951788865956473273e-01
6.223849557829604917e-01
5.607790855389249707e-01
6.145187931255026159e-01
5.695631425454229513e-01
5.827927377369360729e-01
5.512126559131741432e-01
5.956647969916434304e-01
5.131364283787172020e-01
5.002778634586177997e-01
4.765540568210292482e-01
5.401154823715540454e-01
3.905037866715764250e-01
3.875713040936754616e-01
5.790553632419894736e-01
5.433117809435596968e-01
4.853792554173292917e-01
6.081243993786482616e-01
5.065449188089872212e-01
4.453886612603241701e-01
5.305064758203850150e-01
4.861496936020540671e-01
4.191503229652658868e-01
4.630146304533366841e-01
6.553697294098771442e-01
5.891815080203854915e-01
7.130814437494880087e-01
5.427431752052376268e-01
4.637980869282180008e-01
5.332298596185012229e-01
5.036463879549447631e-01
5.498403939508799132e-01
5.991033758593730107e-01
5.501229598034120816e-01
5.415726744966961048e-01
4.222560981428084559e-01
4.529463213196885385e-01
5.895112308292440595e-01
5.889070262911346720e-01
6.092403821304551714e-01
6.303528472330026666e-01
4.718129943834546425e-01
3.901240726615165522e-01
4.844516281510800604e-01
5.167420445707920917e-01
4.091081860776341617e-01
4.636963216582457581e-01
5.043538791655467479e-01
5.273053221304330185e-01
3.870521210717946525e-01
4.660120686503211873e-01
4.038247444651298368e-01
6.705366361471232217e-01
6.966597475460827305e-01
5.748195543919620842e-01
5.076367589512424949e-01
4.001874810392891391e-01
4.641130521776737350e-01
4.044040011261927359e-01
6.554021595043532100e-01
5.592672321785482348e-01
4.356833073371785825e-01
3.962988787243120203e-01
5.186802998585372526e-01
5.510441208796627022e-01
4.456908098868227475e-01
6.282837347492654656e-01
5.515204424194002364e-01
5.342205066456960916e-01
5.186777998292475544e-01
6.531529059799566772e-01
4.598099444950062287e-01
4.019305747234167558e-01
4.797550658636893783e-01
5.402757185612592217e-01
4.351870033427704954e-01
4.391243604144782209e-01
6.686862072654495837e-01
5.470039812692725212e-01
6.242800073996916943e-01
4.529962209626232639e-01
5.787767088826780704e-01
4.826099220551204327e-01
6.822871849654613685e-01
6.492845914430772636e-01
5.087225150732564982e-01
5.806672786298233691e-01
5.553481051452899830e-01
6.158504138038921605e-01
6.995004806041229539e-01
5.940918104189512050e-01
4.292887504600179649e-01
5.374954744159293751e-01
5.221803921981357233e-01
5.513888507382990189e-01
5.016929538188580340e-01
3.746181977204409708e-01
5.025454246890928012e-01
3.901201693863083353e-01
5.504970025260677025e-01
5.967173543395223323e-01
4.726272110698076512e-01
4.385406443492368411e-01
6.672399000005043712e-01
4.843779114798040242e-01
5.020023202954695396e-01
6.467085134015904124e-01
4.953768230841250619e-01
5.341131785101390639e-01
4.355562682733252755e-01
6.240627855429533577e-01
5.832079086292425441e-01
5.148956225676023513e-01
6.277399056549707312e-01
6.076073057830455593e-01
6.489974032469548737e-01
7.334324962254854530e-01
6.101560884670613749e-01
6.141847784754048689e-01
6.786558198147787380e-01
7.380093242023456623e-01
5.701097646023695065e-01
5.675146771892866093e-01
6.166811793515194484e-01
5.308930163066889474e-01
5.539624310054472867e-01
6.014597708320550407e-01
4.750848688586646329e-01
5.267063950825802143e-01
5.186079625362992607e-01
4.892766136710449132e-01
5.614797030363593011e-01
4.691374928995620808e-01
6.449507833791592315e-01
6.953198257104531432e-01
5.913245588455222634e-01
5.544791637271481166e-01
4.485651017158223119e-01
5.939795261999220033e-01
5.484928920625055104e-01
4.144389189776606641e-01
6.061462514334448048e-01
4.576792615604751147e-01
5.722195039008497464e-01
5.678635702667994556e-01
6.704586314338439879e-01
6.524035425808883959e-01
4.981789497841805359e-01
5.335718755738286800e-01
4.955083394594453350e-01
5.949665155023882157e-01
4.727052880970969428e-01
4.718642536762581718e-01
6.162048413268734759e-01
4.363827396317588869e-01
4.922659761493411446e-01
4.773286943958989781e-01
5.415973920622616511e-01
4.992604775628578517e-01
4.287961759542417983e-01
5.104538573362412679e-01
4.354715430563058098e-01
4.370789418113329994e-01
3.584306651553191836e-01
3.219067754153480676e-01
4.702265837547656702e-01
4.125549247142987763e-01
5.398885549596684763e-01
5.159151183853742939e-01
5.103044631911924922e-01
6.125576044497774708e-01
4.001461986131616411e-01
4.628066068461696991e-01
6.920212869499010599e-01
5.706579209508942929e-01
3.874593717284293137e-01
5.362595115016917102e-01
5.004180353198139919e-01
4.914711729808169394e-01
5.767595182152354116e-01
3.136321330609996294e-01
5.244098454689227751e-01
5.956015985035202354e-01
3.785314049501221634e-01
5.496118304325692261e-01
3.824573232229315223e-01
4.692976524041112540e-01
6.809016088569463943e-01
7.031063172202326461e-01
5.279357061843458210e-01
7.283097772153689364e-01
5.587275473406854154e-01
5.320443714067681906e-01
4.476896678227370030e-01
4.731211840488173115e-01
5.505068959675554208e-01
5.954200676056519148e-01
5.598897320000468802e-01
5.287834532785352648e-01
5.498988681598387940e-01
5.414848453468898981e-01
5.881114554752592261e-01
4.734272453561307326e-01
5.446233515237579592e-01
4.807957076647588202e-01
5.428251608395963101e-01
5.276285279209943502e-01
5.629305847439817212e-01
4.181461840714132405e-01
3.942715821825808487e-01
5.295865069609403397e-01
6.158029120681975943e-01
4.106093837545509717e-01
6.920117256232471981e-01
6.591471539220529197e-01
4.730152743185104258e-01
4.033154834928160959e-01
5.794928817097383389e-01
4.348070762656360277e-01
6.339276255115159353e-01
5.958828363476860179e-01
4.915740279991288597e-01
6.610265587157703182e-01
5.963306110691584117e-01
3.904476513121964421e-01
4.650866053464798866e-01
3.954946816736222281e-01
4.929806892605946289e-01
5.463909254595187281e-01
4.606968582889241492e-01
4.840298079802707876e-01
5.570179327961073401e-01
5.483000705294943655e-01
4.652380160623723060e-01
5.839202140927886031e-01
4.936203706892642873e-01
5.110988492781378678e-01
5.331730675784518425e-01
5.123734962346702115e-01
3.983297057434706523e-01
5.024125711742529754e-01
4.539929565572618508e-01
6.205814605531306816e-01
7.109118912600832507e-01
4.626953360215513289e-01
4.250993752639066203e-01
5.370454083845489501e-01
4.480816173303885375e-01
6.253789090802830408e-01
5.250333345040767430e-01
4.503383173924140892e-01
4.930381262105655860e-01
3.291207720398304226e-01
3.316366827637520776e-01
5.025614756414482631e-01
4.932221749752396245e-01
5.693244023978726309e-01
4.265766190501661392e-01
4.898591213809671552e-01
5.740383162151194707e-01
5.506578339423111590e-01
3.912565508029863803e-01
2.450857419545103555e-01
4.531776443672934085e-01
4.892861856875788118e-01
4.345504710956865080e-01
3.672615530296153841e-01
4.502507368761560769e-01
4.032368464954908527e-01
4.923061078575755034e-01
3.854324879078665500e-01
4.071532318822462804e-01
3.776816039308477091e-01
4.514676901811327525e-01
2.776838027564074163e-01
5.075715335327946054e-01
2.272583458736602835e-01
4.831361024437980656e-01
4.367424912548322213e-01
5.894897411848072366e-01
4.389796861847435339e-01
3.896938595192704358e-01
6.609698765059254244e-01
4.201642436014200732e-01
3.962039942902741418e-01
4.737252866967764930e-01
5.506283963957738781e-01
3.874687768119705611e-01
4.741383156104396202e-01
4.036746726418491971e-01
4.785414212947864399e-01
5.480436508743758983e-01
5.076237400581975479e-01
4.775654548457902160e-01
6.205832359054574976e-01
4.996398516355204378e-01
4.175319390337637881e-01
4.969230944460986121e-01
4.878497262227079467e-01
4.110675143345592919e-01
4.829076388821883503e-01
4.491182982934537882e-01
3.766120693544040554e-01
5.108036550680238319e-01
4.345145631896416005e-01
4.759095012323565910e-01
3.752444663592114926e-01
3.570526396024527593e-01
5.015256010020059385e-01
3.247997019948144493e-01
4.109293201254724526e-01
5.623785766934324970e-01
3.815322359575303857e-01
5.515514334770799110e-01
2.974989644113051335e-01
4.517187022163220433e-01
4.284633125415338029e-01
4.673010462246205976e-01
6.771959374572105173e-01
4.542006760242632279e-01
3.858655409059942309e-01
4.179339589616192230e-01
4.930344840439319642e-01
6.804143329291036935e-01
5.347522025773926435e-01
6.272624737187778576e-01
3.325452633780521805e-01
5.243717115086411473e-01
4.108300619051769020e-01
5.066297958811201152e-01
4.537536616288080360e-01
4.615858496084100371e-01
4.369193942709000411e-01
4.882361417789774505e-01
3.700874202523239398e-01
4.154644536409313194e-01
4.625510447235992584e-01
4.418411978048779609e-01
5.054467259201367302e-01
3.542395242127656663e-01
4.824771830444514187e-01
7.007290948602321601e-01
4.618541570280340625e-01
4.929150310824423342e-01
3.342819635391840460e-01
4.494840589448619306e-01
4.902339597625168244e-01
3.410590747815547275e-01
3.989906908258337714e-01
4.195464784675626557e-01
4.022137494261481261e-01
4.877035209784226222e-01
5.380834372797401732e-01
3.563021479768313515e-01
4.466244444646735312e-01
4.611415049786353193e-01
3.876462216032340868e-01
4.122252848834998540e-01
4.806129604314018366e-01
4.581251136860947648e-01
4.429755594369574334e-01
5.019123279380574010e-01
4.249488625522306884e-01
4.078861788615029127e-01
4.516208136290151831e-01
4.208125732801810681e-01
4.867987961619801851e-01
3.627624211925267184e-01
2.729818302363112847e-01
5.029256242175421665e-01
3.738216266399975729e-01
2.556176400522143233e-01
4.948476910567741749e-01
6.050867579672993823e-01
4.636416508057304986e-01
3.771282960452556621e-01
3.531277196895274972e-01
5.035650125073043437e-01
3.263454897420680623e-01
3.060043236967464608e-01
5.246119388928375260e-01
4.825169522584986104e-01
3.470652715510051944e-01
2.591497783272874167e-01
3.282915973234766249e-01
5.197979402999137744e-01
3.349869644339097396e-01
4.705384190252774879e-01
3.736173341306598394e-01
3.940183986592087906e-01
4.735480758895086462e-01
5.312306637382814278e-01
3.893847758830055739e-01
3.807875490471496760e-01
4.323692561039204629e-01
2.246869978801041001e-01
3.725494469871746817e-01
3.681597023284423620e-01
4.097576196624151401e-01
5.223154787764046070e-01
3.661083902918148003e-01
4.397438864281139059e-01
3.059823116913532592e-01
4.468786528450894857e-01
4.980409917025227506e-01
3.859107267303459876e-01
4.342151112835224147e-01
6.134726374659741355e-01
5.384569763485900218e-01
4.265181153711363748e-01
4.410869154064447351e-01
5.016399996242745241e-01
3.429918576750951575e-01
4.806513846353198116e-01
3.927332039369180738e-01
5.949383297075550026e-01
4.574769457476872692e-01
5.804166028408824785e-01
7.586998873613631789e-01
4.894357778299355255e-01
4.360756205706371458e-01
5.109519059735657676e-01
5.274787475808033754e-01
3.752950589211600518e-01
3.956866965217454846e-01
4.434144551939973034e-01
5.375942337128905013e-01
5.472286533606124381e-01
4.406449171257353914e-01
5.140800125996671799e-01
4.498354928044471790e-01
3.171190778965872759e-01
4.283612719513471556e-01
3.861957654924718097e-01
5.517318349574032998e-01
5.795966357568412830e-01
4.697913874935805145e-01
3.389537698326459125e-01
4.624670884114048253e-01
4.245911710444743026e-01
4.307720968244744819e-01
4.834805661172678626e-01
5.744487533123031620e-01
3.175236139464560625e-01
5.657879115119355262e-01
4.043684873621826159e-01
4.210604722170079861e-01
3.773390092959240105e-01
3.758380873105847120e-01
4.271699446490853092e-01
4.497734764281869912e-01
3.833793250008928344e-01
4.830099555805816292e-01
3.461372354395094164e-01
4.182256420832430877e-01
4.482317514097394762e-01
3.911556634974547864e-01
4.005070410048140461e-01
4.563729752979149290e-01
4.350356595319235797e-01
4.247362331330954976e-01
4.055454835636937982e-01
4.505808667440832638e-01
4.385836856793438598e-01
4.617486082946394843e-01
5.771783355019269868e-01
4.380797258761604529e-01
3.353786528709804537e-01
4.534628283087361322e-01
3.710054545418002281e-01
3.343350502176398731e-01
4.282122492699473315e-01
4.710828013650535939e-01
4.463109485307554247e-01
3.533333659077239619e-01
3.402613132384807448e-01
3.654703862482502896e-01
4.931737860572540377e-01
2.730075170842462540e-01
3.241295755914421761e-01
4.692087140739517048e-01
4.650570515394999993e-01
4.791808368465840795e-01
6.209920692083865656e-01
4.125976830727486333e-01
3.259816650907531033e-01
5.461363977188015140e-01
3.638032933403184677e-01
4.277697445197604087e-01
5.753594333791227644e-01
4.531249783624201610e-01
2.677801037072856105e-01
3.796385167577824293e-01
4.800753787622867863e-01
3.577918448168109222e-01
4.804713881148026666e-01
5.530687492550028228e-01
4.645331811918235188e-01
3.937760871006406593e-01
4.826761009100014599e-01
4.745115191131552557e-01
5.434473487813180625e-01
4.869318666248483307e-01
4.326215365919229838e-01
4.108840123944681455e-01
3.042646520337998206e-01
3.699052347590340295e-01
5.043615568971624441e-01
2.726493711628208416e-01
4.357178694724616608e-01
4.336202946696662841e-01
4.832198314418703622e-01
5.776254014790093150e-01
4.725173454644656101e-01
4.591928936627031610e-01
3.924412096359107816e-01
3.652401486017450849e-01
3.893104907148955407e-01
3.633117769637867478e-01
2.095118278985059479e-01
3.388430281008567024e-01
5.255937446513372358e-01
3.998005569508196189e-01
6.059962131722544942e-01
4.440238678289540886e-01
3.601276657959766592e-01
4.350594165909969502e-01
3.794446201463629320e-01
3.037501223228052938e-01
4.789897747972807207e-01
3.639259190311781578e-01
5.431631057816767028e-01
5.100446783754014612e-01
4.308670494836011056e-01
4.501673974071364603e-01
4.095104347239362230e-01
4.167538416422084668e-01
3.527037557151500580e-01
4.140540307753319271e-01
4.179825542393384996e-01
2.789195613603301926e-01
2.816557125083624102e-01
3.674556695991033628e-01
3.728992841407595682e-01
3.740851405362649040e-01
3.946530625974205009e-01
3.662376235071455599e-01
4.878399171371974874e-01
3.928316215778154818e-01
3.529546314294833564e-01
4.548036583035437452e-01
3.816027476461069656e-01
3.447228927677927213e-01
3.984521841521454499e-01
2.562865016294301190e-01
4.709560561913776477e-01
3.912183503088805248e-01
3.777462771949439135e-01
3.361581455960045983e-01
3.662269999524611075e-01
5.293354309546545178e-01
4.521999877600065831e-01
4.155889163565320565e-01
3.217577086874407466e-01
4.776437254230859186e-01
3.911341963872750349e-01
4.716774716972335080e-01
3.910369031488680758e-01
4.321774162483900117e-01
3.562495894686055209e-01
4.454351526798205896e-01
3.473837230974571311e-01
4.309134333771103553e-01
3.803501700497925464e-01
3.852115473674334045e-01
4.632183270363675609e-01
3.524509513656206572e-01
2.574375264390072471e-01
3.495223996118527188e-01
4.103549910779545895e-01
3.540734974961931014e-01
3.417962745539307456e-01
4.347706347306384833e-01
5.092201158705529362e-01
3.305133900991470974e-01
3.672633305526449288e-01
4.416298316539057356e-01
2.623123455308178920e-01
4.041219829064156555e-01
3.273103280006504079e-01
2.750728921038641528e-01
4.382655523777695405e-01
3.156213148061773333e-01
2.790203493296704584e-01
3.898703736721794710e-01
2.950126738407908289e-01
2.768891311058293558e-01
3.473557113116227391e-01
3.687996710066838157e-01
4.527795312270195827e-01
3.251899907208189444e-01
2.774003593504078546e-01
3.460196899451945529e-01
5.586795442905687636e-01
3.820147728685425736e-01
3.871348284827940689e-01
3.535064848498774004e-01
2.351923748882817633e-01
3.595509800740528950e-01
4.089282159845913367e-01
5.437826424098400890e-01
4.530043441509606361e-01
3.917186903853193125e-01
3.230435268583964348e-01
4.791400207183897919e-01
3.377045969234392375e-01
4.191240796826998793e-01
3.412128604353925621e-01
4.094116415776936635e-01
4.981227457671525971e-01
3.163632790193611211e-01
4.043650575820532667e-01
4.394940620823888366e-01
3.483317657092825925e-01
3.007741468139647489e-01
4.018544442283037421e-01
3.923681060323340186e-01
2.947645594979304562e-01
3.518451989544984504e-01
3.788147425799680001e-01
3.559537671012922289e-01
4.901076315379295223e-01
3.810852903969979000e-01
4.988819277061760094e-01
3.651374939665659181e-01
4.203463640962679659e-01
2.513529414352929092e-01
4.290313906221003282e-01
5.336954043125685665e-01
4.075691538420828652e-01
2.703598845128017403e-01
3.309533629391339105e-01
3.439179842081945271e-01
2.868317204260243392e-01
3.958556062154057753e-01
6.234310523428534534e-01
3.490248603113266790e-01
3.556105871842753507e-01
2.252657354690245639e-01
4.039069538627974576e-01
3.315463205597135588e-01
4.021419253756931544e-01
4.103888332602316225e-01
3.198129778311827875e-01
3.379503574550315470e-01
4.732949654054811051e-01
4.779187204195014527e-01
5.978060905283210102e-01
2.981440941370495090e-01
3.376973025565439546e-01
3.148570899393515199e-01
4.177254692307814654e-01
3.964048255631991147e-01
3.307571261303965393e-01
3.222253864323214034e-01
2.835781403096819253e-01
1.700614527416143551e-01
3.387855548314241405e-01
2.491252101657622786e-01
4.746930292587005495e-01
3.032123101474605287e-01
4.208757450898562569e-01
4.426147124776286801e-01
3.821908393423136263e-01
1.890473459288567748e-01
2.994240369823240600e-01
4.129834274157352381e-01
2.615673473191684195e-01
2.995748251084327518e-01
3.269164849646365445e-01
4.286339376155175462e-01
5.667729188243635363e-01
3.086626910655120848e-01
3.827248027889695869e-01
2.808251412885294784e-01
4.884569888132975768e-01
2.931607055089026637e-01
2.734540484194099008e-01
3.503523296992347436e-01
4.787240626068660077e-01
4.730170373778605497e-01
3.700110148717927205e-01
7.242503673878460946e-01
3.612491968109100005e-01
4.119249142938684050e-01
2.415533162804677780e-01
3.351156308894429614e-01
4.342303126960337933e-01
4.003010383419554064e-01
3.705241451118712614e-01
4.210376445540823243e-01
2.545240135399847725e-01
3.699133516770173324e-01
3.545063358561340028e-01
4.199465531768344362e-01
4.236191426721733211e-01
5.788282211702575619e-01
5.253733921362283565e-01
3.105814174807777217e-01
3.691520457760505414e-01
4.869312159727158251e-01
3.590389890962672470e-01
3.282824470212766244e-01
4.075073371404877021e-01
3.601201050698339956e-01
5.075169492415494421e-01
3.931055687008108701e-01
3.579327072228629669e-01
3.026514242450729086e-01
2.902489580861805640e-01
3.465338799767195832e-01
4.837099339170873868e-01
2.392416155938926203e-01
3.856659278480912834e-01
3.422724890261368280e-01
3.094485036683610746e-01
4.615900583218672248e-01
4.792823336345914398e-01
2.948964960962581205e-01
2.880631951200550156e-01
2.993953865532613112e-01
3.016598686401475438e-01
2.683365581337622818e-01
3.939122595477869138e-01
3.537760101353958908e-01
1.677225361806421178e-01
3.090835877150580058e-01
2.613906308844491377e-01
2.805641686695500292e-01
4.407374125271222298e-01
2.936582032546648513e-01
3.322121886454640349e-01
3.144324488283122276e-01
2.873108974184115372e-01
3.245203784515347523e-01
3.220691560698389355e-01
3.989469148147020139e-01
3.935768036924904845e-01
4.112618290161904611e-01
3.346595880722158523e-01
3.727437107747625933e-01
3.242054579380585499e-01
4.212782493518222315e-01
2.311287057759630059e-01
4.349348822414896287e-01
3.025838596254020185e-01
3.739717419928179076e-01
3.310941822639074661e-01
2.535054722867902122e-01
3.023932106529361175e-01
4.013329693576092594e-01
3.373764007550943411e-01
3.176669634399675868e-01
6.286708563652559922e-01
3.527427821669595898e-01
4.010320577706811274e-01
4.182242332577683075e-01
3.646057895516952585e-01
4.079998801268040487e-01
3.392517218558401826e-01
3.545229168155559218e-01
3.398666460020391966e-01
3.412345519274908034e-01
4.156962914662586939e-01
3.777976691802865661e-01
3.647188746054406683e-01
2.936462834168429570e-01
3.514171284164463449e-01
3.393057818139741943e-01
3.485171847923140831e-01
3.587629247324389259e-01
3.943880633890594622e-01
3.160330102199314650e-01
3.339496232682591104e-01
5.180599721636833799e-01
3.697277594945880819e-01
2.822191689185109542e-01
3.781995312417986699e-01
3.735265335437057410e-01
3.835036454974384279e-01
2.806968177251999985e-01
3.463311530042388342e-01
3.328890791937922922e-01
3.951867960279990544e-01
3.885461995588724293e-01
3.489155541469817212e-01
3.545818013812809810e-01
2.573789564235704486e-01
4.521557513233381287e-01
3.507659483856347959e-01
2.974909477805465219e-01
3.603952554861383772e-01
3.488937103870075607e-01
3.146331919731815696e-01
4.175598834483831290e-01
3.316138414543205459e-01
3.547612508375720952e-01
3.205017659817080977e-01
3.499240311904520673e-01
2.292493171690651310e-01
2.976566334350942977e-01
3.262830215946337375e-01
3.497615809835968870e-01
3.197476901553179540e-01
3.149107625167787972e-01
3.774547170766500148e-01
3.432315570291376572e-01
2.411417993465256870e-01
3.836081122430997081e-01
2.856667404768865048e-01
2.808929677628037580e-01
2.811857427895401162e-01
2.406711610161916259e-01
2.634598797015162419e-01
4.012870130069934871e-01
3.371363781533999182e-01
3.734645800377338065e-01
3.260293689513613646e-01
3.778305124270282533e-01
3.031927971921754561e-01
3.778179302435688558e-01
3.433588858676728250e-01
3.379693335841524315e-01
4.120020446227094513e-01
3.552475979802552919e-01
3.430765804352269299e-01
3.836417608277024049e-01
3.549250696122754900e-01
2.347961362398646723e-01
3.722272254845369055e-01
3.554711699005669301e-01
3.659833346111244778e-01
2.923974737908122123e-01
2.964568581491175969e-01
3.491979698304236157e-01
3.373995334672519886e-01
3.666739814176341317e-01
3.840870181849759257e-01
3.206242025480838809e-01
3.383027024752645606e-01
3.435394795700406623e-01
3.430606921858276315e-01
2.981166432032087421e-01
3.839687303155948084e-01
3.493332081047286208e-01
2.804892778494034733e-01
2.861017570824998524e-01
3.335657558070851958e-01
3.722863953714166119e-01
3.265861473260325276e-01
3.438000639524206314e-01
4.472422323275220823e-01
4.748549493122453669e-01
4.119752225060857032e-01
3.610565595940710137e-01
3.266012646400796027e-01
3.323393572858456824e-01
3.156978170527212080e-01
3.266832459064342165e-01
3.838605453190777617e-01
4.129887063269352399e-01
4.123321529867514657e-01
4.014856483921657726e-01
3.207664120681553710e-01
3.827194553971923208e-01
3.385747710589259718e-01
3.212383865618504419e-01
4.413013311882612033e-01
4.299713006121044234e-01
4.362420057669278428e-01
3.442330639608171539e-01
3.839424813127708114e-01
2.409353215858413833e-01
2.984293778000713382e-01
3.388652003963762982e-01
3.499624019427469146e-01
3.957477455843856351e-01
3.095147531848851941e-01
3.669339173627371165e-01
2.868724503450018060e-01
3.954683660220739139e-01
3.388512243972590654e-01
3.272672712219282798e-01
3.563348864725234821e-01
3.154312982451227820e-01
3.041954031719360518e-01
3.558117630277440879e-01
3.729423843037427688e-01
3.383145175711379515e-01
3.443121263926853803e-01
3.910909603375612997e-01
2.982546601465825842e-01
4.072046968855949078e-01
3.097604118763612746e-01
3.676392805811079523e-01
3.443194617109928135e-01
3.898544272819928769e-01
2.811216695115330011e-01
3.158444321499052632e-01
3.274749228904251241e-01
3.379983676752304489e-01
3.500437725074782014e-01
2.754215615919411997e-01
4.300602317743796865e-01
3.852490757434134383e-01
3.446181254804233096e-01
2.793579614257384880e-01
3.329829867784586117e-01
3.215731166089024207e-01
4.191343384911581649e-01
3.331253322832827823e-01
4.187595080385487778e-01
3.796616992474932117e-01
2.926817422028480387e-01
4.196378017195606103e-01
3.733357012604912595e-01
4.076829661900533974e-01
