1.255715082420985027e+02
9.756779258090966778e+01
8.343579443346945368e+01
8.363782468623962529e+01
7.206462085373973991e+01
6.924199984792507223e+01
6.750879195661080701e+01
6.862061993091039369e+01
6.616261255807390285e+01
6.110701059343188035e+01
5.860308361109132136e+01
5.599499826264079161e+01
5.270987101636809058e+01
5.226721103594980633e+01
5.032942156907049736e+01
4.893265794549555636e+01
4.924923951406721301e+01
5.041350085625712296e+01
5.022854055064350831e+01
4.901451112192280846e+01
4.800122802807180733e+01
4.893397690203030237e+01
4.400684325094035643e+01
4.568656796401830178e+01
4.918056436996165814e+01
4.818786606698517261e+01
4.946386738777255232e+01
4.968542895701116180e+01
5.127905321182571896e+01
4.904134135933005467e+01
5.288383399592290601e+01
5.187059186962729740e+01
4.948067809254245475e+01
5.362893076234612977e+01
5.279024811849691190e+01
4.993070230323518643e+01
5.020078167161042870e+01
5.214983242538815489e+01
5.204834678446658813e+01
4.937931365119477789e+01
5.048027703322596693e+01
5.313564593483010157e+01
4.955553027039826475e+01
5.063461296929115463e+01
5.177198410400951900e+01
5.273876628645364661e+01
5.061992807959088481e+01
5.214510495641892618e+01
5.154823017818685571e+01
4.789606410808905679e+01
5.619036602214926290e+01
5.405193563333808981e+01
5.897101720612643305e+01
5.614200733914605479e+01
5.667353533110635766e+01
5.193416764426505239e+01
5.906421636546252785e+01
5.568069537806786684e+01
5.716290413639684687e+01
5.807212549126372636e+01
6.005562794448676556e+01
6.048654197840567548e+01
6.307527951756933504e+01
6.219934308324195626e+01
6.037259958821998396e+01
6.072193902357211925e+01
6.014064736270221090e+01
5.858086476494793970e+01
6.635045215876040459e+01
6.409743795126121313e+01
6.183168026096070946e+01
5.927208667912025675e+01
5.920278052577448591e+01
6.411124075844445258e+01
6.774204281593016219e+01
6.714857815442384492e+01
6.509546872298663800e+01
5.928462169051054076e+01
6.196179478109917227e+01
6.206380252854656732e+01
6.240307798152193897e+01
6.362337144053344673e+01
6.051705215139076444e+01
6.445964252598406574e+01
6.385197145177587430e+01
5.969815318654364944e+01
5.549913569157797610e+01
6.760114582883103651e+01
6.413062436661603272e+01
5.749879651383292867e+01
6.141380518450282011e+01
6.125825277238190125e+01
6.337600256229168849e+01
6.262642441249496272e+01
6.060322049258298449e+01
5.722647823517205268e+01
5.966282394875661055e+01
5.740414555152565157e+01
5.368015012291043320e+01
5.816790538948692557e+01
5.547391856008690070e+01
5.331093748001171662e+01
5.645092769926701237e+01
5.641950931537476066e+01
5.144343044611117932e+01
5.850575700680568758e+01
5.458242830774216259e+01
5.789221898999308991e+01
5.409089879497329179e+01
5.465603765365985822e+01
5.470431037039783462e+01
5.127557281472724782e+01
4.849378391902398278e+01
5.090258239650879091e+01
5.554540171147115757e+01
5.300655964069787984e+01
4.892129893460894152e+01
4.902215858658487235e+01
5.010213224072796834e+01
5.344763586224615182e+01
4.755760591307937801e+01
5.455746297005723022e+01
5.099926124918417969e+01
4.829847265875790896e+01
5.314019578547907940e+01
5.129317546608044864e+01
4.701448537268564110e+01
5.103283653366256090e+01
4.689479195251464461e+01
4.913162008378230894e+01
4.794758720498263926e+01
5.111389332851918965e+01
5.189401599394101794e+01
5.253837377465185199e+01
5.048452459700248340e+01
4.545368859286833896e+01
4.771155495062640739e+01
5.462254597853915783e+01
5.153789823351880983e+01
5.270701524863108745e+01
5.093382312198204431e+01
5.315958756275347952e+01
4.905559296071279363e+01
4.764614278070146014e+01
4.534938039935637732e+01
5.091934876337176519e+01
5.072286718474610012e+01
4.570311162512371794e+01
4.894278937884570269e+01
4.789598961876291128e+01
4.876367467517058429e+01
4.916878173649748618e+01
4.944457240102936169e+01
4.828153658523442715e+01
4.497407243824175538e+01
4.829338130902988269e+01
4.818615459040483273e+01
4.968479324861382196e+01
4.737175631072484805e+01
4.726423951639542054e+01
4.634315098183015635e+01
4.468850666296137319e+01
4.726230184833409709e+01
4.633050066430316605e+01
4.796949379262312618e+01
4.399151005432295136e+01
4.387011393408285898e+01
4.329439276047607876e+01
4.419614167968015295e+01
4.383119380367931939e+01
4.650030663475448023e+01
4.347287108728462357e+01
4.475340021972147753e+01
4.976862353917755399e+01
4.594722909286780066e+01
4.101666692699882333e+01
4.388155358489513702e+01
4.440197462786436233e+01
4.458450779781891526e+01
4.716481195940480831e+01
4.210363569235977366e+01
4.692784962700522300e+01
4.418412644935293088e+01
4.714104268202234493e+01
4.667681414154015584e+01
4.580754823900244332e+01
4.140423403975805172e+01
4.716356661710047860e+01
4.286329677976822694e+01
4.268345478109770141e+01
4.176907174295772052e+01
3.796204767394961976e+01
4.053175377113232969e+01
4.585626871624450018e+01
4.350074940406393864e+01
3.959019860474806762e+01
4.098991253769519005e+01
4.403851197525079186e+01
4.145991254172066220e+01
4.206333358294520508e+01
4.606556858889292272e+01
4.508942466463579990e+01
3.947776768592078156e+01
4.020344491041289814e+01
3.807533354875338460e+01
4.051250069383790020e+01
4.082931038971792503e+01
4.006992515551964829e+01
3.896430515158044017e+01
4.118508837362874431e+01
4.427674930084963023e+01
4.322308252844364063e+01
4.142502435726368049e+01
4.078245263443280066e+01
4.446197171624596933e+01
3.962424947401613196e+01
4.150898735379050919e+01
4.125396934844638963e+01
4.480131140324277794e+01
3.977939972632947274e+01
4.262176871804253864e+01
3.733935810859234294e+01
4.067440040934045697e+01
3.993518280537595189e+01
3.903932691047529602e+01
3.960161275757854327e+01
4.783477396447963770e+01
3.858235343366778380e+01
3.915417642353278183e+01
4.114221093697727838e+01
3.550066734508645538e+01
4.082474304794704523e+01
3.633389087071408596e+01
3.775660303448950827e+01
4.012672584018732636e+01
4.404815602131227337e+01
3.979372447608899677e+01
3.780110626827854503e+01
4.056243832010312644e+01
3.976221535490357439e+01
3.934758830647923844e+01
3.795028989418609200e+01
4.045992063026189811e+01
3.937896706078651476e+01
4.198334628825998038e+01
3.898879845301348723e+01
3.856828714385423496e+01
3.909357452716550085e+01
3.691453935977229150e+01
3.546531717561083497e+01
3.647960534332296589e+01
4.278077156145204896e+01
4.062994787127273355e+01
4.204250068152055775e+01
4.127152827281582148e+01
4.000346273254304919e+01
3.513885476280567843e+01
4.321887739174063370e+01
4.077291573693347004e+01
3.734026683397872404e+01
3.696874367155947283e+01
4.041480184080273119e+01
3.955872866712261526e+01
3.515720784878290317e+01
3.824807402837649306e+01
4.124327950216553518e+01
4.038713161884307823e+01
3.935380543977434087e+01
3.745121328524005122e+01
3.970778170215358216e+01
3.526749805933227577e+01
3.813811821777625255e+01
4.159465453426408033e+01
4.132803454569933166e+01
4.230910888195805342e+01
3.640966277653789973e+01
4.126409129846252455e+01
3.805416846416331111e+01
4.034345268570930898e+01
3.687566411922004050e+01
4.010797198282343601e+01
3.739644185334098836e+01
3.975600257728807208e+01
3.620302386153890239e+01
3.410562541806289261e+01
3.629900407041591848e+01
3.951242940123442793e+01
3.475966729356069607e+01
3.859105269359648105e+01
3.878586829049697116e+01
3.644244087233081331e+01
3.563903765533180490e+01
3.859386015962922301e+01
3.893694162091087208e+01
3.908107719751687625e+01
3.887860876498038465e+01
4.271213384264487445e+01
3.886939652155345470e+01
3.695137499505212730e+01
3.960829763195329889e+01
3.824352927443058547e+01
3.537616405611631620e+01
3.544906716109395006e+01
3.971295316809155906e+01
4.086933941134672210e+01
3.482312262289003968e+01
3.920473864999581792e+01
3.436444829568551995e+01
3.731547591170871669e+01
4.152292456462069481e+01
3.653589460466533723e+01
3.913363780437260431e+01
3.264417585326987137e+01
3.720416453608637397e+01
3.874991946306869295e+01
3.858742126137745743e+01
4.136592447283707941e+01
3.916543561190378853e+01
3.609529039237870052e+01
3.741738476556581361e+01
3.674357542774190932e+01
3.883215443748153461e+01
3.780530944913052593e+01
3.882159745567460618e+01
3.435244788274614791e+01
3.304399601934199637e+01
3.667828598540660323e+01
3.425165171586861845e+01
3.783020847592648295e+01
3.539665883504266475e+01
3.719322984636927032e+01
3.448629612012675238e+01
3.692593685752791544e+01
3.757543019272885232e+01
3.166567544183770977e+01
3.650525731049855693e+01
3.710003477051006371e+01
3.307047655764309013e+01
3.393571315624350859e+01
3.497983785840377635e+01
3.602211001332310758e+01
3.225544133003509728e+01
3.685774554812656589e+01
3.776274536176568120e+01
3.639639181668994183e+01
3.142875004146141649e+01
3.053537144133339609e+01
3.564120325740108086e+01
3.284968760930553344e+01
3.374645060492375137e+01
3.446491279360355975e+01
3.408469759195206450e+01
3.440064401081402679e+01
3.341902052767114384e+01
3.236118018035500654e+01
3.507142595962520915e+01
3.486529109818885530e+01
3.180454596269960632e+01
3.346379360648369783e+01
3.214305145651592710e+01
3.218329266830304647e+01
3.562456581108071418e+01
3.427637109296642137e+01
3.459554755938915349e+01
3.056113832954583032e+01
3.301265479444911222e+01
3.212814350717659551e+01
3.352406756251738784e+01
3.427661079308217040e+01
3.161310294610546023e+01
3.217835875015941838e+01
3.701248692964257714e+01
3.318721584507294864e+01
3.358500694711583634e+01
2.974105769174218139e+01
3.509207614746640047e+01
3.329241815418407668e+01
3.865820229122144269e+01
3.136131535433150930e+01
3.306003932049990368e+01
3.255625809450250330e+01
3.088759018158369685e+01
3.324208675790245593e+01
3.285750914873045758e+01
3.092021221679209830e+01
3.479126545904763645e+01
2.882884719016415076e+01
2.954962204622676225e+01
3.259411334518015479e+01
3.181504296541652366e+01
3.287991227923005511e+01
2.936832931984661599e+01
3.444984251548234511e+01
3.140861700293836378e+01
2.975891941684375652e+01
3.439060542722200609e+01
2.666458399729915385e+01
3.435302887836056840e+01
3.200181758603060445e+01
3.559651160122977842e+01
3.474257546833917587e+01
3.151291952927311257e+01
3.360857945034813099e+01
3.492784973373135671e+01
3.299306675954454704e+01
3.355917415182553043e+01
3.051193328682479589e+01
3.162076820098372565e+01
2.968081585613726858e+01
3.131422418132154206e+01
3.799844186194580686e+01
3.305587670411319579e+01
3.544180971763486809e+01
3.164384366013077354e+01
3.072060038698890239e+01
3.494375495319925307e+01
3.290141819938614987e+01
3.419348022304328794e+01
3.089355040096734584e+01
3.166402854570341319e+01
3.097604946913615009e+01
3.414937326470278123e+01
2.948816763815171882e+01
3.260485647343050886e+01
3.415927831250872515e+01
3.593254136764714701e+01
2.893637889128976326e+01
2.919666871058492674e+01
3.047673677245392199e+01
3.300430885111938295e+01
3.347998091647522756e+01
3.240682235762933772e+01
3.192648030344771826e+01
3.284626478317200338e+01
3.040773752311933720e+01
3.049629153638663936e+01
3.081418047689297168e+01
3.210694278402552015e+01
3.149487466838825256e+01
3.023370325950052973e+01
2.792115693556325340e+01
2.998702457076608852e+01
3.077305738534220936e+01
2.908940800980569463e+01
2.944683299804264109e+01
3.161433550226686862e+01
3.137820950979469359e+01
3.153276422096172027e+01
3.116637444114893185e+01
2.948503147330439944e+01
2.820335427977494902e+01
2.860039361707146810e+01
3.108104526349461239e+01
2.965556429688622586e+01
3.209590159845292590e+01
3.149932820310720771e+01
3.062902796412438278e+01
2.964423212094941817e+01
2.846069047196539969e+01
3.032945597974399377e+01
2.671250022356165132e+01
3.134916817093699137e+01
2.882803459435891824e+01
2.719526448012907949e+01
2.966877640918043824e+01
2.991101496537689286e+01
2.975376501610022473e+01
3.030943594114994610e+01
2.902960481365438739e+01
2.737110023130091108e+01
3.035956557806131073e+01
2.892830218701849532e+01
2.941171880856903442e+01
2.811059988977124391e+01
3.029079767227971232e+01
3.029141593027325641e+01
3.319607099518448479e+01
3.060647669376245972e+01
3.103257999926414357e+01
2.998214230831567306e+01
2.531225895358470268e+01
2.946348085600043021e+01
2.878388931438400178e+01
2.777190197635138347e+01
2.776823202867457852e+01
2.997909296613951824e+01
2.662374769931577845e+01
3.270863143722743871e+01
3.094844995438584334e+01
2.971328431389762414e+01
2.794771051018749830e+01
2.790622072617486893e+01
2.949995921894365125e+01
3.044795643149833353e+01
3.018577537113879927e+01
2.962934361955124629e+01
3.006475394477589447e+01
3.081003967678633160e+01
3.023464789346346748e+01
2.951583360098618058e+01
2.752046743072412127e+01
3.195425962447815493e+01
2.948266340792693541e+01
2.995919665537087795e+01
2.903919206693835875e+01
2.920011717108617688e+01
2.843998013171427530e+01
2.902640042190397196e+01
2.872440015121388512e+01
2.935262704372988196e+01
2.691546141667735270e+01
2.586816375410448643e+01
2.836925387531035980e+01
2.581004502025482950e+01
3.143231984237673871e+01
2.555052583366529362e+01
3.104388926214532773e+01
2.798200440602240491e+01
2.908453781824089646e+01
3.098439840698249981e+01
3.302163310093420279e+01
2.886676818145696544e+01
2.830217398333867607e+01
2.673857005476777715e+01
2.817272395108371796e+01
2.686607617140874993e+01
2.720530130214621778e+01
2.937729930699415348e+01
2.672839306933020609e+01
2.959132249222108868e+01
2.895204722906549222e+01
3.212227145978999232e+01
2.445965986033901274e+01
2.785923413560987072e+01
2.287825114544920169e+01
2.883924013900606198e+01
2.447375821623994341e+01
2.678231030369856924e+01
2.598287326213075943e+01
2.666896471788047052e+01
2.636674206656579855e+01
2.955552373100210417e+01
2.772224479193430469e+01
2.761376195164287850e+01
2.528156058029309250e+01
2.972748557392126756e+01
3.083990428206060486e+01
2.734626632845448668e+01
2.467424057142767069e+01
2.671274477937647873e+01
2.950816476306410507e+01
2.821237791025316355e+01
2.768414669058305577e+01
2.501427581571645575e+01
2.475120606654214583e+01
2.749586437808934036e+01
2.621213312314580435e+01
2.880588856805491460e+01
2.618010992069747900e+01
2.764274112714274878e+01
3.285007207366511750e+01
2.724077538294869427e+01
2.533555567881951021e+01
2.562149663572615665e+01
2.921499189809443209e+01
3.018925535044593289e+01
2.608144840888789062e+01
2.746396869105673133e+01
2.977049482570063432e+01
2.760893306188766161e+01
2.293231138422398985e+01
2.574936786780330777e+01
2.810372218981290615e+01
2.480291182825102680e+01
2.812242417981277853e+01
2.623450834794085651e+01
2.698969829665887943e+01
2.447029612652641006e+01
2.620200845153177838e+01
2.928784987305694187e+01
2.785575521393967335e+01
2.825133941405057669e+01
2.565824108499355205e+01
2.902343387125637619e+01
2.610545708274230492e+01
2.677049470011107246e+01
2.950418678871251288e+01
3.049432181247735585e+01
2.609066833994655710e+01
2.624823474459498485e+01
2.535969771237803272e+01
2.736509681983945441e+01
2.522977146264291193e+01
2.508631585424947374e+01
3.085704050857043512e+01
2.663378893937666447e+01
2.676990344112412501e+01
2.718026735123326532e+01
2.741584176751457846e+01
3.055390873139629448e+01
2.633693647487342915e+01
2.793509615893113818e+01
2.707752524931459348e+01
2.897897422126033362e+01
2.614637221615811669e+01
2.751571677741810618e+01
2.764674746491324697e+01
3.015113152278257402e+01
2.561414370158180276e+01
2.919515629210156149e+01
2.986614324775554863e+01
2.886635677044852244e+01
2.662933321358094929e+01
2.701013631821434657e+01
2.538525412909138268e+01
2.631755563482914084e+01
2.599795623108234466e+01
2.695680188797106069e+01
2.822016582778118021e+01
2.687485075840451998e+01
2.718835645431416026e+01
2.558980658480336956e+01
2.992283732165716970e+01
2.777835430413175288e+01
2.758228445759010228e+01
2.308974213047669011e+01
2.647381948914607008e+01
2.507717938683402892e+01
2.582184659525105985e+01
2.377336040539312023e+01
2.240857845910610635e+01
2.639590891458599842e+01
2.853339091424419038e+01
2.382873265106718463e+01
2.702650690089845753e+01
2.628907793548030725e+01
2.779633579026786094e+01
2.175639636566741331e+01
2.823147760675398743e+01
2.554213208825881409e+01
2.566455737423612860e+01
2.939877015444394459e+01
2.438668284577460454e+01
2.560771050245145020e+01
2.703361962430649257e+01
2.552061797744148919e+01
2.550326018290709840e+01
2.844726116784483594e+01
2.602987418531246533e+01
2.781035891116804137e+01
2.751989584605826167e+01
2.299639118984465469e+01
2.407807452782522972e+01
2.608864051552301433e+01
2.684780133841149663e+01
2.963326810458821825e+01
2.826661109555992013e+01
2.533546929032907258e+01
2.780643417993475808e+01
2.349410996967550247e+01
2.579460018968228852e+01
2.701104357413364454e+01
2.747418331771040911e+01
2.314020403016124305e+01
3.203020090426837641e+01
2.561184719763230433e+01
2.654367271476624524e+01
2.721409976917704299e+01
2.655086092969712297e+01
2.690486469198950559e+01
2.363862103590464869e+01
2.630787651171633001e+01
2.602036207705750570e+01
2.571869282736766138e+01
2.658249991403146240e+01
2.430741839415977168e+01
2.746717350259146784e+01
2.767244023917669438e+01
2.654429394930382102e+01
2.685547650485464288e+01
2.713653056796741581e+01
2.458063903457844290e+01
2.568812991987710248e+01
2.477644231252930140e+01
2.684448917890258457e+01
2.790899080728489068e+01
2.607428390875399771e+01
2.577091517490120509e+01
2.560185761142153638e+01
2.325771070425438225e+01
2.768590094758436848e+01
2.720359309107638524e+01
3.006492868590495249e+01
2.678370384741786125e+01
2.522371127115845724e+01
2.326432459631570993e+01
2.701333163878957322e+01
2.646595947136463067e+01
2.634409595271242210e+01
2.520251410100951617e+01
2.368279378275421720e+01
2.521632467674750444e+01
2.726493649630470983e+01
2.520077943308897517e+01
2.771895996806928508e+01
2.866491462624470543e+01
2.716816522741923734e+01
2.928747903760157811e+01
2.631219334790753095e+01
3.006203060002396299e+01
2.750685258844286807e+01
2.836659559008730724e+01
2.587164235323013628e+01
2.420461967182017915e+01
2.993613939108391619e+01
2.937918999632006489e+01
2.346045665988727080e+01
2.652121268813675670e+01
2.842415914575092728e+01
3.301444954919043084e+01
2.847263705816802570e+01
2.823999610972810714e+01
2.398107302633912852e+01
2.254828968057171679e+01
2.895384676886819619e+01
2.482117489723374959e+01
2.419409557483375295e+01
2.577876097493097518e+01
2.921354400461942546e+01
2.621610549014473790e+01
2.690243076272757961e+01
2.411662434997834836e+01
2.418491194949401191e+01
2.669594918504292735e+01
2.819829777133231019e+01
2.950906665095885728e+01
2.452379721786937949e+01
3.033942449610182024e+01
2.767370667030299103e+01
2.686457615956645739e+01
2.665865226586238279e+01
2.632476738866612465e+01
2.892005571529770336e+01
2.088335075519085748e+01
2.596852196879400410e+01
2.139453645798609571e+01
2.793828206135593817e+01
2.725810992396056776e+01
2.129744419778368325e+01
2.713316954576318096e+01
2.610277461617835826e+01
2.674201004256138248e+01
2.907250087815354789e+01
2.895278811714167944e+01
2.517501086154249279e+01
2.340805790397810071e+01
2.236590834636555769e+01
2.152847459405967712e+01
2.207537103906677345e+01
2.645146674716995605e+01
2.536525890169334119e+01
3.175303936346992373e+01
2.677056969654310237e+01
2.425372138636140207e+01
2.483951735128914962e+01
2.338474409343797689e+01
2.547222170227948368e+01
2.536451895165933479e+01
2.737404821687639611e+01
2.721157033327761710e+01
2.728701651306864662e+01
2.554093069484071776e+01
2.455407356316923284e+01
2.661351277921958314e+01
2.739050417772618928e+01
2.649480244195979495e+01
2.979732076343434599e+01
2.441438421031384820e+01
2.411417605204307790e+01
2.306409820303217728e+01
2.469329119834254982e+01
2.705959324395934473e+01
2.785737269511728442e+01
2.462976278083862169e+01
2.541866470564483294e+01
2.373815001228339483e+01
2.149810379460594589e+01
2.617576160679176311e+01
2.566614367030205202e+01
2.704528318011279708e+01
2.438012163534893162e+01
2.816194308262873491e+01
2.462096624845272785e+01
2.470337381267109933e+01
2.744485440711053315e+01
2.572676708870849183e+01
2.263765060183620648e+01
2.749918957288404187e+01
2.636702206824929462e+01
2.704779619689866976e+01
2.922972703077991952e+01
2.383732217109236018e+01
2.637739684893821135e+01
2.364216839200447495e+01
2.588804995256738195e+01
2.264862516378715540e+01
2.409223264246333329e+01
2.192250333216369640e+01
2.559352990845565401e+01
2.230560152325305978e+01
2.565150944066401806e+01
2.460262127771358465e+01
2.671973191282430804e+01
2.538011222845573656e+01
2.661362405758995919e+01
2.624846726249957030e+01
2.368828558423266628e+01
2.087731127202599168e+01
2.244580236792243966e+01
2.012475666173308042e+01
2.470497171326455543e+01
2.967559417053855242e+01
2.066238962837690352e+01
2.380483422625871270e+01
2.706502669570613406e+01
2.459607339611280707e+01
2.819375566595590854e+01
2.702403616772872397e+01
2.590834009004790417e+01
2.652726086746024592e+01
2.494410286951273648e+01
2.779267721470179708e+01
2.343306584740454568e+01
2.202411966854527137e+01
2.054349250445401509e+01
2.209983758453276437e+01
2.202655062163943356e+01
2.501958057407459535e+01
2.589177260950468806e+01
2.366873015347638187e+01
2.351313842853936720e+01
2.534561805495714992e+01
2.299030221593491063e+01
2.378027763031568753e+01
2.803136352671804232e+01
2.847163722876681291e+01
2.381868734038355839e+01
2.449290063280820817e+01
2.605814786283808360e+01
2.987610167765303260e+01
2.679804693281000283e+01
2.816279277070318088e+01
2.454747617931165138e+01
2.429862130855482150e+01
2.129409749568297272e+01
2.655304275933984215e+01
2.759866934105236425e+01
2.265564498553317563e+01
2.820614979201354444e+01
2.461915321828281833e+01
2.252367231280091175e+01
2.510415936827494576e+01
2.710936787347993970e+01
2.247197064958318080e+01
2.560365434109488092e+01
2.473030310997473791e+01
2.630070886363479232e+01
2.847996429829674625e+01
2.754911821759187518e+01
2.220623850042442271e+01
2.426498028637260518e+01
2.823814558236956884e+01
2.199118226398249121e+01
2.309513401933046595e+01
2.667144800280662409e+01
2.473179915588519506e+01
2.158639452078903176e+01
2.671627030749455400e+01
2.239100786560249645e+01
2.707406217467920229e+01
2.522852596028560868e+01
2.440327356134631387e+01
2.834975142738642262e+01
2.500436247363695941e+01
2.645914602727740572e+01
2.446447157566949215e+01
2.412943376668911810e+01
2.661475015630289676e+01
2.318508917005384262e+01
2.152645737981202601e+01
2.451866713617296156e+01
2.410625497570675790e+01
2.625577609803458401e+01
2.041197084369417070e+01
2.212647289688580798e+01
2.434965294892458942e+01
2.675799343044778666e+01
2.618641692242802321e+01
2.304355730374770417e+01
2.712536003487403491e+01
2.401768272415662864e+01
2.370725455178703811e+01
2.586832917086467276e+01
2.203029910436595884e+01
2.728141425047203583e+01
2.255550917466131366e+01
2.327729079115173505e+01
2.040802971756159678e+01
2.458536704109275561e+01
2.463218500356962082e+01
2.758115048215055509e+01
2.504102801179710269e+01
2.655591759106283334e+01
2.595732604232819440e+01
2.771776492960118077e+01
2.399168048211442184e+01
2.268688883000243450e+01
2.212608705773234874e+01
2.569258140468739882e+01
2.662902125864473390e+01
2.506937821260920884e+01
2.582004662997109179e+01
2.162232122345853469e+01
2.259984227678994628e+01
2.680040581254855780e+01
2.627651987818461166e+01
2.342781286872638091e+01
2.545344943416105110e+01
2.067631913507632646e+01
2.718929954392022097e+01
2.768342914083431339e+01
2.370544018840500655e+01
2.784303426134452408e+01
2.642428245129484310e+01
2.573343626839934473e+01
2.587705707874786754e+01
2.306898618474631846e+01
2.138070347528728377e+01
2.624389992318758402e+01
2.376124252765779588e+01
2.813865738033496200e+01
2.051295519589398708e+01
2.400463407829846929e+01
2.440702924112245498e+01
3.050263105334699887e+01
2.155005536254796539e+01
2.207785405698697190e+01
2.511426066627715059e+01
2.793256478121197617e+01
2.817020655342435020e+01
2.224993886615238026e+01
2.491451259387929440e+01
2.536957659320498237e+01
2.154499199721217906e+01
2.862598224766356836e+01
2.809752887183536529e+01
2.353534125353102979e+01
2.397545634288514549e+01
2.486106649033692406e+01
2.351311160300313574e+01
2.299344898021322336e+01
2.795190774447629778e+01
2.443127037053479000e+01
2.621020994081766631e+01
2.505528668065431575e+01
2.484047182854703451e+01
2.479062652412065759e+01
2.504479727312582682e+01
2.547152705040783616e+01
2.625184290082158967e+01
2.696525972759572198e+01
2.684866410732961484e+01
2.509423358685658911e+01
2.423400655968583095e+01
2.779625176082200610e+01
2.688177400642944903e+01
2.601563780364793388e+01
2.522393597661077536e+01
2.834970282954492049e+01
2.704835230672221869e+01
2.848296597950936615e+01
2.331175711553609631e+01
2.699651422101626963e+01
2.508534163614740109e+01
2.245830838820992170e+01
2.474627845828111106e+01
2.463817304514860496e+01
2.682038221381604615e+01
2.550318278156760599e+01
2.803675245136535921e+01
2.404874480730768482e+01
2.423928401236291919e+01
2.224687006884036222e+01
2.311312292050704897e+01
2.137769611620437971e+01
2.492566912071372798e+01
2.312525819086398471e+01
2.622066238606428712e+01
2.442199030279835981e+01
2.558412679036268500e+01
