4.010943148326873597e+03
2.287164843565994488e+03
1.992461356384061219e+03
2.422220488662272601e+03
2.626336454923035490e+03
2.501630695465952158e+03
2.201069723416878333e+03
1.734373378990605488e+03
1.537847248386958654e+03
1.355196191543637042e+03
1.245470685389114806e+03
1.332743875494210897e+03
1.324054620563661729e+03
1.364904993135215591e+03
1.474939672068860546e+03
1.112660324177687926e+03
1.390157165767366905e+03
1.566971557812252968e+03
1.344014239131445038e+03
1.186521554605507617e+03
1.134238713083352422e+03
1.081065774741036876e+03
1.408899649757955558e+03
1.101963474388531040e+03
1.442164134318504011e+03
1.172866289694904935e+03
1.216934552628274332e+03
1.396370207492522240e+03
1.103491725095650281e+03
1.241070966644590499e+03
1.178784341367540719e+03
1.141352472867401048e+03
1.162501132974288566e+03
1.336534001476087951e+03
1.050929838660034875e+03
1.171148882780817303e+03
1.144388173806160012e+03
1.296412641700793529e+03
1.237902560855210822e+03
1.249942474813009312e+03
1.253465943732585401e+03
1.203242518231927988e+03
9.118444138183783707e+02
1.143606327494517018e+03
9.720629300506905111e+02
1.069883972605562121e+03
1.038162969329787074e+03
1.107536200303519308e+03
1.123808053122266756e+03
1.169724795397050457e+03
1.231817163834289431e+03
1.220017418027280428e+03
1.127286389216789303e+03
1.341374363347145845e+03
1.282304791605370156e+03
1.104511447713727421e+03
1.164984706330686777e+03
1.209841650847529309e+03
1.265465645735877388e+03
1.096959997323636344e+03
1.077503148372768010e+03
1.210144622729604180e+03
1.216185998553855143e+03
1.136455961229369677e+03
1.362245835239702956e+03
1.479284159591551088e+03
1.053786676395837958e+03
1.457808880834386173e+03
1.406955105142027605e+03
1.362815079126741466e+03
1.414140616191262097e+03
1.305230347615139863e+03
1.461897143636768078e+03
1.295046820039316799e+03
1.208932976015377790e+03
1.244916066268106533e+03
1.299111341377833014e+03
1.176758245444640124e+03
1.367562930275063081e+03
1.620219267119698088e+03
1.245718394532652837e+03
1.327115640928619996e+03
1.523260042758265627e+03
1.507878340002635241e+03
1.481801192357616401e+03
1.493548999309602550e+03
1.485500055090940805e+03
1.381376932553714141e+03
1.507453246012734780e+03
1.104465074557436310e+03
1.486800982798857149e+03
1.673128226168387073e+03
1.666822571148538827e+03
1.843199405245821481e+03
1.818367093023715370e+03
1.759626468859956276e+03
1.336660258913547295e+03
1.819437635864479716e+03
1.534735524260726152e+03
1.785114701364201210e+03
