6.718750000000000000e-01
8.095238095238095344e-01
6.562500000000000000e-01
6.875000000000000000e-01
7.968750000000000000e-01
8.125000000000000000e-01
6.562500000000000000e-01
6.093750000000000000e-01
6.250000000000000000e-01
6.875000000000000000e-01
6.562500000000000000e-01
6.406250000000000000e-01
7.187500000000000000e-01
7.187500000000000000e-01
7.343750000000000000e-01
5.000000000000000000e-01
7.187500000000000000e-01
7.187500000000000000e-01
6.875000000000000000e-01
7.656250000000000000e-01
7.343750000000000000e-01
6.562500000000000000e-01
6.093750000000000000e-01
6.875000000000000000e-01
7.187500000000000000e-01
6.666666666666666297e-01
6.406250000000000000e-01
7.187500000000000000e-01
7.187500000000000000e-01
7.187500000000000000e-01
6.406250000000000000e-01
6.562500000000000000e-01
7.812500000000000000e-01
7.187500000000000000e-01
7.812500000000000000e-01
7.301587301587301182e-01
6.250000000000000000e-01
6.250000000000000000e-01
6.875000000000000000e-01
7.031250000000000000e-01
6.406250000000000000e-01
6.875000000000000000e-01
7.812500000000000000e-01
6.718750000000000000e-01
7.187500000000000000e-01
7.343750000000000000e-01
6.875000000000000000e-01
6.718750000000000000e-01
7.968750000000000000e-01
6.190476190476190688e-01
5.000000000000000000e-01
7.656250000000000000e-01
6.875000000000000000e-01
7.031250000000000000e-01
7.031250000000000000e-01
6.406250000000000000e-01
7.343750000000000000e-01
7.968750000000000000e-01
5.937500000000000000e-01
7.812500000000000000e-01
6.875000000000000000e-01
7.343750000000000000e-01
7.031250000000000000e-01
6.406250000000000000e-01
6.250000000000000000e-01
6.718750000000000000e-01
7.142857142857143016e-01
6.093750000000000000e-01
6.984126984126983739e-01
7.301587301587301182e-01
6.406250000000000000e-01
7.187500000000000000e-01
7.031250000000000000e-01
6.562500000000000000e-01
7.031250000000000000e-01
6.562500000000000000e-01
6.875000000000000000e-01
6.093750000000000000e-01
5.937500000000000000e-01
7.031250000000000000e-01
6.984126984126983739e-01
8.437500000000000000e-01
6.718750000000000000e-01
7.812500000000000000e-01
7.187500000000000000e-01
7.343750000000000000e-01
6.250000000000000000e-01
7.142857142857143016e-01
8.906250000000000000e-01
9.218750000000000000e-01
9.682539682539682557e-01
9.687500000000000000e-01
8.281250000000000000e-01
9.062500000000000000e-01
9.375000000000000000e-01
9.062500000000000000e-01
8.750000000000000000e-01
8.906250000000000000e-01
8.571428571428570953e-01
9.062500000000000000e-01
9.375000000000000000e-01
9.218750000000000000e-01
9.375000000000000000e-01
8.437500000000000000e-01
9.365079365079365115e-01
8.412698412698412787e-01
8.906250000000000000e-01
9.843750000000000000e-01
9.531250000000000000e-01
9.218750000000000000e-01
9.531250000000000000e-01
9.218750000000000000e-01
9.218750000000000000e-01
9.062500000000000000e-01
9.206349206349205838e-01
9.375000000000000000e-01
9.206349206349205838e-01
8.906250000000000000e-01
9.218750000000000000e-01
9.062500000000000000e-01
8.593750000000000000e-01
9.531250000000000000e-01
9.062500000000000000e-01
9.062500000000000000e-01
8.906250000000000000e-01
9.375000000000000000e-01
9.375000000000000000e-01
9.843750000000000000e-01
9.375000000000000000e-01
8.906250000000000000e-01
8.750000000000000000e-01
9.375000000000000000e-01
9.531250000000000000e-01
9.843750000000000000e-01
8.906250000000000000e-01
9.218750000000000000e-01
9.062500000000000000e-01
9.218750000000000000e-01
8.730158730158730229e-01
9.375000000000000000e-01
9.687500000000000000e-01
9.375000000000000000e-01
9.687500000000000000e-01
9.375000000000000000e-01
9.062500000000000000e-01
9.687500000000000000e-01
9.531250000000000000e-01
9.218750000000000000e-01
9.687500000000000000e-01
9.375000000000000000e-01
8.870967741935483764e-01
9.531250000000000000e-01
9.531250000000000000e-01
8.750000000000000000e-01
9.531250000000000000e-01
8.906250000000000000e-01
9.062500000000000000e-01
9.062500000000000000e-01
9.375000000000000000e-01
8.906250000000000000e-01
9.687500000000000000e-01
9.062500000000000000e-01
9.523809523809523281e-01
9.375000000000000000e-01
8.730158730158730229e-01
9.218750000000000000e-01
9.531250000000000000e-01
9.843750000000000000e-01
9.218750000000000000e-01
9.687500000000000000e-01
9.375000000000000000e-01
9.531250000000000000e-01
9.687500000000000000e-01
9.375000000000000000e-01
8.593750000000000000e-01
8.906250000000000000e-01
8.593750000000000000e-01
9.062500000000000000e-01
9.523809523809523281e-01
9.218750000000000000e-01
9.062500000000000000e-01
9.687500000000000000e-01
8.730158730158730229e-01
9.062500000000000000e-01
9.206349206349205838e-01
9.218750000000000000e-01
9.375000000000000000e-01
9.218750000000000000e-01
9.218750000000000000e-01
9.531250000000000000e-01
9.531250000000000000e-01
8.906250000000000000e-01
8.906250000000000000e-01
9.687500000000000000e-01
9.375000000000000000e-01
9.531250000000000000e-01
9.682539682539682557e-01
9.047619047619047672e-01
9.687500000000000000e-01
9.218750000000000000e-01
9.531250000000000000e-01
9.687500000000000000e-01
9.375000000000000000e-01
9.375000000000000000e-01
9.218750000000000000e-01
9.531250000000000000e-01
9.375000000000000000e-01
9.062500000000000000e-01
9.375000000000000000e-01
9.218750000000000000e-01
9.375000000000000000e-01
8.888888888888888395e-01
9.843750000000000000e-01
9.843750000000000000e-01
9.531250000000000000e-01
9.841269841269840724e-01
9.375000000000000000e-01
9.841269841269840724e-01
9.375000000000000000e-01
9.375000000000000000e-01
9.687500000000000000e-01
1.000000000000000000e+00
9.375000000000000000e-01
9.687500000000000000e-01
9.531250000000000000e-01
9.375000000000000000e-01
9.523809523809523281e-01
9.062500000000000000e-01
9.375000000000000000e-01
9.365079365079365115e-01
9.375000000000000000e-01
9.206349206349205838e-01
9.047619047619047672e-01
9.062500000000000000e-01
9.687500000000000000e-01
9.531250000000000000e-01
9.687500000000000000e-01
9.375000000000000000e-01
9.687500000000000000e-01
9.375000000000000000e-01
8.750000000000000000e-01
9.218750000000000000e-01
9.062500000000000000e-01
9.062500000000000000e-01
9.531250000000000000e-01
9.218750000000000000e-01
9.375000000000000000e-01
9.375000000000000000e-01
9.375000000000000000e-01
9.062500000000000000e-01
9.218750000000000000e-01
9.375000000000000000e-01
9.531250000000000000e-01
9.062500000000000000e-01
8.906250000000000000e-01
9.523809523809523281e-01
9.218750000000000000e-01
9.687500000000000000e-01
8.906250000000000000e-01
9.375000000000000000e-01
9.843750000000000000e-01
9.843750000000000000e-01
9.375000000000000000e-01
9.218750000000000000e-01
9.531250000000000000e-01
9.193548387096773800e-01
9.375000000000000000e-01
9.682539682539682557e-01
9.687500000000000000e-01
1.000000000000000000e+00
9.218750000000000000e-01
9.841269841269840724e-01
9.375000000000000000e-01
9.375000000000000000e-01
9.375000000000000000e-01
9.218750000000000000e-01
9.531250000000000000e-01
9.375000000000000000e-01
9.843750000000000000e-01
9.531250000000000000e-01
9.375000000000000000e-01
1.000000000000000000e+00
9.531250000000000000e-01
9.375000000000000000e-01
9.218750000000000000e-01
9.687500000000000000e-01
9.687500000000000000e-01
9.687500000000000000e-01
9.375000000000000000e-01
9.531250000000000000e-01
9.218750000000000000e-01
9.206349206349205838e-01
8.593750000000000000e-01
9.687500000000000000e-01
9.843750000000000000e-01
8.906250000000000000e-01
8.593750000000000000e-01
9.375000000000000000e-01
1.000000000000000000e+00
9.531250000000000000e-01
9.375000000000000000e-01
9.375000000000000000e-01
9.687500000000000000e-01
9.843750000000000000e-01
9.062500000000000000e-01
9.375000000000000000e-01
9.843750000000000000e-01
9.687500000000000000e-01
9.687500000000000000e-01
9.062500000000000000e-01
9.531250000000000000e-01
9.843750000000000000e-01
9.531250000000000000e-01
9.375000000000000000e-01
9.375000000000000000e-01
9.841269841269840724e-01
9.218750000000000000e-01
1.000000000000000000e+00
1.000000000000000000e+00
9.687500000000000000e-01
9.531250000000000000e-01
9.531250000000000000e-01
9.375000000000000000e-01
9.523809523809523281e-01
1.000000000000000000e+00
9.687500000000000000e-01
9.523809523809523281e-01
9.687500000000000000e-01
9.375000000000000000e-01
9.218750000000000000e-01
9.687500000000000000e-01
9.682539682539682557e-01
9.218750000000000000e-01
9.531250000000000000e-01
9.375000000000000000e-01
9.531250000000000000e-01
9.843750000000000000e-01
8.906250000000000000e-01
9.531250000000000000e-01
9.375000000000000000e-01
9.531250000000000000e-01
9.687500000000000000e-01
9.375000000000000000e-01
9.843750000000000000e-01
9.687500000000000000e-01
9.843750000000000000e-01
9.843750000000000000e-01
9.687500000000000000e-01
9.843750000000000000e-01
9.682539682539682557e-01
1.000000000000000000e+00
9.687500000000000000e-01
9.687500000000000000e-01
9.843750000000000000e-01
9.843750000000000000e-01
1.000000000000000000e+00
9.682539682539682557e-01
9.531250000000000000e-01
9.843750000000000000e-01
9.687500000000000000e-01
9.531250000000000000e-01
9.843750000000000000e-01
9.841269841269840724e-01
9.531250000000000000e-01
1.000000000000000000e+00
9.687500000000000000e-01
1.000000000000000000e+00
9.843750000000000000e-01
1.000000000000000000e+00
9.687500000000000000e-01
1.000000000000000000e+00
9.843750000000000000e-01
9.687500000000000000e-01
1.000000000000000000e+00
9.843750000000000000e-01
1.000000000000000000e+00
1.000000000000000000e+00
9.843750000000000000e-01
1.000000000000000000e+00
1.000000000000000000e+00
9.843750000000000000e-01
1.000000000000000000e+00
9.843750000000000000e-01
1.000000000000000000e+00
9.843750000000000000e-01
9.843750000000000000e-01
9.843750000000000000e-01
9.687500000000000000e-01
9.687500000000000000e-01
9.843750000000000000e-01
9.843750000000000000e-01
9.687500000000000000e-01
9.843750000000000000e-01
9.843750000000000000e-01
9.843750000000000000e-01
9.687500000000000000e-01
9.531250000000000000e-01
1.000000000000000000e+00
1.000000000000000000e+00
9.687500000000000000e-01
9.843750000000000000e-01
9.843750000000000000e-01
9.843750000000000000e-01
9.843750000000000000e-01
1.000000000000000000e+00
9.843750000000000000e-01
1.000000000000000000e+00
1.000000000000000000e+00
1.000000000000000000e+00
9.843750000000000000e-01
1.000000000000000000e+00
1.000000000000000000e+00
9.843750000000000000e-01
9.843750000000000000e-01
9.843750000000000000e-01
9.687500000000000000e-01
9.843750000000000000e-01
1.000000000000000000e+00
1.000000000000000000e+00
1.000000000000000000e+00
1.000000000000000000e+00
1.000000000000000000e+00
9.687500000000000000e-01
9.843750000000000000e-01
1.000000000000000000e+00
9.531250000000000000e-01
1.000000000000000000e+00
9.531250000000000000e-01
9.843750000000000000e-01
9.843750000000000000e-01
9.843750000000000000e-01
9.841269841269840724e-01
9.843750000000000000e-01
9.843750000000000000e-01
9.843750000000000000e-01
9.841269841269840724e-01
1.000000000000000000e+00
9.843750000000000000e-01
1.000000000000000000e+00
1.000000000000000000e+00
9.843750000000000000e-01
9.843750000000000000e-01
1.000000000000000000e+00
1.000000000000000000e+00
1.000000000000000000e+00
9.843750000000000000e-01
1.000000000000000000e+00
9.687500000000000000e-01
1.000000000000000000e+00
9.843750000000000000e-01
1.000000000000000000e+00
1.000000000000000000e+00
1.000000000000000000e+00
1.000000000000000000e+00
1.000000000000000000e+00
1.000000000000000000e+00
1.000000000000000000e+00
1.000000000000000000e+00
1.000000000000000000e+00
1.000000000000000000e+00
1.000000000000000000e+00
1.000000000000000000e+00
1.000000000000000000e+00
1.000000000000000000e+00
1.000000000000000000e+00
1.000000000000000000e+00
1.000000000000000000e+00
1.000000000000000000e+00
1.000000000000000000e+00
1.000000000000000000e+00
1.000000000000000000e+00
9.531250000000000000e-01
1.000000000000000000e+00
9.687500000000000000e-01
1.000000000000000000e+00
1.000000000000000000e+00
1.000000000000000000e+00
1.000000000000000000e+00
1.000000000000000000e+00
9.843750000000000000e-01
9.843750000000000000e-01
1.000000000000000000e+00
9.687500000000000000e-01
9.843750000000000000e-01
1.000000000000000000e+00
1.000000000000000000e+00
1.000000000000000000e+00
9.843750000000000000e-01
1.000000000000000000e+00
9.687500000000000000e-01
1.000000000000000000e+00
1.000000000000000000e+00
1.000000000000000000e+00
9.843750000000000000e-01
9.843750000000000000e-01
9.841269841269840724e-01
9.843750000000000000e-01
1.000000000000000000e+00
1.000000000000000000e+00
9.843750000000000000e-01
1.000000000000000000e+00
1.000000000000000000e+00
1.000000000000000000e+00
1.000000000000000000e+00
9.843750000000000000e-01
1.000000000000000000e+00
9.843750000000000000e-01
1.000000000000000000e+00
1.000000000000000000e+00
9.843750000000000000e-01
1.000000000000000000e+00
1.000000000000000000e+00
1.000000000000000000e+00
1.000000000000000000e+00
1.000000000000000000e+00
1.000000000000000000e+00
9.843750000000000000e-01
9.843750000000000000e-01
1.000000000000000000e+00
1.000000000000000000e+00
1.000000000000000000e+00
1.000000000000000000e+00
9.843750000000000000e-01
1.000000000000000000e+00
1.000000000000000000e+00
1.000000000000000000e+00
9.843750000000000000e-01
1.000000000000000000e+00
1.000000000000000000e+00
9.843750000000000000e-01
1.000000000000000000e+00
9.531250000000000000e-01
9.843750000000000000e-01
9.843750000000000000e-01
9.841269841269840724e-01
1.000000000000000000e+00
1.000000000000000000e+00
9.843750000000000000e-01
9.843750000000000000e-01
1.000000000000000000e+00
1.000000000000000000e+00
1.000000000000000000e+00
1.000000000000000000e+00
1.000000000000000000e+00
9.687500000000000000e-01
9.843750000000000000e-01
1.000000000000000000e+00
1.000000000000000000e+00
1.000000000000000000e+00
1.000000000000000000e+00
9.843750000000000000e-01
1.000000000000000000e+00
9.843750000000000000e-01
1.000000000000000000e+00
1.000000000000000000e+00
9.843750000000000000e-01
1.000000000000000000e+00
1.000000000000000000e+00
1.000000000000000000e+00
1.000000000000000000e+00
1.000000000000000000e+00
1.000000000000000000e+00
9.843750000000000000e-01
9.843750000000000000e-01
9.687500000000000000e-01
9.843750000000000000e-01
1.000000000000000000e+00
1.000000000000000000e+00
1.000000000000000000e+00
9.843750000000000000e-01
1.000000000000000000e+00
1.000000000000000000e+00
1.000000000000000000e+00
1.000000000000000000e+00
9.843750000000000000e-01
1.000000000000000000e+00
9.843750000000000000e-01
1.000000000000000000e+00
1.000000000000000000e+00
1.000000000000000000e+00
1.000000000000000000e+00
1.000000000000000000e+00
9.843750000000000000e-01
1.000000000000000000e+00
1.000000000000000000e+00
1.000000000000000000e+00
1.000000000000000000e+00
1.000000000000000000e+00
1.000000000000000000e+00
1.000000000000000000e+00
1.000000000000000000e+00
1.000000000000000000e+00
1.000000000000000000e+00
1.000000000000000000e+00
1.000000000000000000e+00
1.000000000000000000e+00
1.000000000000000000e+00
1.000000000000000000e+00
1.000000000000000000e+00
9.843750000000000000e-01
1.000000000000000000e+00
9.843750000000000000e-01
1.000000000000000000e+00
1.000000000000000000e+00
1.000000000000000000e+00
1.000000000000000000e+00
1.000000000000000000e+00
1.000000000000000000e+00
9.843750000000000000e-01
9.687500000000000000e-01
1.000000000000000000e+00
1.000000000000000000e+00
9.843750000000000000e-01
1.000000000000000000e+00
1.000000000000000000e+00
1.000000000000000000e+00
1.000000000000000000e+00
1.000000000000000000e+00
1.000000000000000000e+00
9.687500000000000000e-01
9.843750000000000000e-01
9.843750000000000000e-01
1.000000000000000000e+00
1.000000000000000000e+00
1.000000000000000000e+00
1.000000000000000000e+00
9.843750000000000000e-01
1.000000000000000000e+00
1.000000000000000000e+00
1.000000000000000000e+00
1.000000000000000000e+00
9.843750000000000000e-01
1.000000000000000000e+00
1.000000000000000000e+00
1.000000000000000000e+00
1.000000000000000000e+00
1.000000000000000000e+00
1.000000000000000000e+00
9.843750000000000000e-01
9.843750000000000000e-01
1.000000000000000000e+00
9.843750000000000000e-01
1.000000000000000000e+00
9.687500000000000000e-01
9.843750000000000000e-01
1.000000000000000000e+00
1.000000000000000000e+00
1.000000000000000000e+00
9.687500000000000000e-01
9.841269841269840724e-01
1.000000000000000000e+00
9.843750000000000000e-01
1.000000000000000000e+00
1.000000000000000000e+00
1.000000000000000000e+00
9.843750000000000000e-01
1.000000000000000000e+00
1.000000000000000000e+00
