1.229299934580922127e+00
1.146976347547024488e+00
1.165960853919386864e+00
1.174074510112404823e+00
1.076743375509977341e+00
1.085391992703080177e+00
1.299888726789504290e+00
1.170343766454607248e+00
1.213162385858595371e+00
1.148441447410732508e+00
1.268276357091963291e+00
1.197521863505244255e+00
1.101927129551768303e+00
1.181573449168354273e+00
1.079968663398176432e+00
1.262905405834317207e+00
1.046553982887417078e+00
1.072494084481149912e+00
1.102447557728737593e+00
1.019923069514334202e+00
1.087912915740162134e+00
1.065453792456537485e+00
1.100101021118462086e+00
1.013228320982307196e+00
1.067398654296994209e+00
1.072704202029854059e+00
1.101545538753271103e+00
1.074868385214358568e+00
1.095375055912882090e+00
1.139501160010695457e+00
1.169125635176897049e+00
1.041415630839765072e+00
1.069699229672551155e+00
1.196190419606864452e+00
1.024553148075938225e+00
1.075917800888419151e+00
1.143241049721837044e+00
1.071186477318406105e+00
1.114951802417635918e+00
1.119615993462502956e+00
1.110060603357851505e+00
1.051775908097624779e+00
1.015112337656319141e+00
1.058110313490033150e+00
9.610075624659657478e-01
1.082357848063111305e+00
1.091963043436408043e+00
1.008803506381809711e+00
1.053668801672756672e+00
1.146494294516742229e+00
1.085053090006113052e+00
1.047767986543476582e+00
1.012301842682063580e+00
1.114250055514276028e+00
1.009354948066174984e+00
1.035504520870745182e+00
1.075648297555744648e+00
9.259318597614765167e-01
9.948412217199802399e-01
9.839335037395358086e-01
1.008523670025169849e+00
9.561033556237816811e-01
9.911032533273100853e-01
1.014922806993126869e+00
1.036893804557621479e+00
1.019954755902290344e+00
9.735559290274977684e-01
1.058048631995916367e+00
1.007663715630769730e+00
9.728709692135453224e-01
1.020454501733183861e+00
1.044698990881443024e+00
9.482258451171219349e-01
1.038707539904862642e+00
9.156715706922113895e-01
1.025015218649059534e+00
1.048742844257503748e+00
1.046530839521437883e+00
9.492472158744931221e-01
9.491400667466223240e-01
9.432986159808933735e-01
9.011986688710749149e-01
9.596412051469087601e-01
9.332117610611021519e-01
8.967214052099734545e-01
8.564204506110399961e-01
9.277865049953106791e-01
9.571741961408406496e-01
7.656741199316456914e-01
7.540256273932754993e-01
8.390273359909770079e-01
8.284957024152390659e-01
7.470779389718700259e-01
7.529134433798603254e-01
7.409982078406756045e-01
7.136568066198378801e-01
8.267706574843032286e-01
7.760734687364225781e-01
7.366102178493747488e-01
7.729330318811964418e-01
7.318125340634651366e-01
8.445641171711031348e-01
6.022977908278335235e-01
7.088746570952935144e-01
7.354878493852083921e-01
8.053405183932227374e-01
7.375886359641299350e-01
5.953673782455553010e-01
6.567559611664819386e-01
7.379071669374752673e-01
8.008744380399548390e-01
7.053423352926984080e-01
7.348198490740287525e-01
6.897276610253584295e-01
7.475158503984857816e-01
6.105115420132847248e-01
6.682252155669630156e-01
7.864249541307799518e-01
6.033157446942141178e-01
5.149946898358734870e-01
8.796627865901882615e-01
7.537891804208243229e-01
6.600198583896599303e-01
5.852945165897835977e-01
6.555568526816415442e-01
6.537943360835924977e-01
6.413018744274268101e-01
6.116707624787522946e-01
5.432329780354621107e-01
6.555040272123733303e-01
6.537772226499252159e-01
7.321006494514108454e-01
6.778296856591623509e-01
4.967264589288618026e-01
6.232208676105983614e-01
6.523985708518011961e-01
7.159855401556569632e-01
6.214040246813965496e-01
7.652362371654817252e-01
6.806094309339565385e-01
6.044008400962752603e-01
7.027592615590521063e-01
5.199305651010428519e-01
6.243838656605475990e-01
7.005206061135709206e-01
6.362318211736237572e-01
5.781122549775545849e-01
6.001721016553460686e-01
5.901868981632105715e-01
8.600934695277828723e-01
7.350435183598165167e-01
7.059372322404726674e-01
7.081584485858911648e-01
6.505313266684424889e-01
7.115636456146603450e-01
6.058565442717736005e-01
7.496254548229899228e-01
6.748731833718011330e-01
6.617615207514973008e-01
7.137952075879070435e-01
7.297911821334963633e-01
7.953145786804043382e-01
7.263844343460732489e-01
6.620687863451166777e-01
6.423915010697101025e-01
6.050248376959643792e-01
6.675483942849496088e-01
6.972769707442694198e-01
6.811016976766666176e-01
7.357547351584798889e-01
6.496239747374374929e-01
5.978593134367429229e-01
9.470305586364702322e-01
6.631494690370800527e-01
8.057176143088327080e-01
7.427408927424039575e-01
5.871079978569468949e-01
5.825296831162631861e-01
7.028897501022441929e-01
8.438892044574117790e-01
7.147207422908650187e-01
5.656896546424832195e-01
7.398595376498349196e-01
7.239221491927310126e-01
6.911602748916720884e-01
5.984332801752998421e-01
6.113003011539603904e-01
5.368978641289174902e-01
7.631032778639337266e-01
6.849893799344499712e-01
6.964367774771744735e-01
8.291244188974644658e-01
6.379125546673094505e-01
7.007483786451302876e-01
7.007868935597798554e-01
6.128637618146512978e-01
6.374074145060149021e-01
4.891794895191949877e-01
6.151407464701605932e-01
7.506017327541485429e-01
6.539032695797040162e-01
7.044304228676026014e-01
8.385530495424156072e-01
6.009719262769976922e-01
6.223591678653974668e-01
7.076556843126127205e-01
6.449465505693297018e-01
8.063698121098923366e-01
6.439626240605349494e-01
7.153557252450752912e-01
6.252718496185707409e-01
7.594743669918671003e-01
7.138803262714645825e-01
5.586235561231660540e-01
7.191499675863042285e-01
6.240705478325594413e-01
5.521588351738824230e-01
5.321746580616490974e-01
7.089462759049638407e-01
5.637530722397059435e-01
6.467597519153578389e-01
4.991174176597041878e-01
8.165661790490048588e-01
5.964062242974250694e-01
5.302651576138543987e-01
7.965088220185521095e-01
7.168741640750795341e-01
5.328932261805854331e-01
5.884788413694650444e-01
7.509624641166681158e-01
5.915396057512509742e-01
7.309772764299395931e-01
6.256704840257043543e-01
5.962194091875971935e-01
6.644833727706185300e-01
6.309146676608747839e-01
6.469814896581311814e-01
5.493754287972478778e-01
5.900104148049649666e-01
6.729642401180626621e-01
6.385260364450005000e-01
6.636515017808051198e-01
7.857649598081479780e-01
6.941863647327863873e-01
5.112380089267389849e-01
5.939401620918829394e-01
6.363525005301404747e-01
5.480943026996110135e-01
6.696322282235769308e-01
6.520672058629628509e-01
7.090689164676700074e-01
6.851485851939287386e-01
5.778001412290905137e-01
6.189703627251219586e-01
5.760848204009931806e-01
6.018968417279211280e-01
6.063082643777164549e-01
5.490509460220778237e-01
7.443386124244284474e-01
6.331129884047186351e-01
5.384921363390873239e-01
6.458904206356237410e-01
6.506725365107968173e-01
6.743199865229598799e-01
6.132055736516690558e-01
6.995523897110160760e-01
5.636546519403964339e-01
8.598250282975641312e-01
6.856947484516240365e-01
6.804183227338853612e-01
8.187285705889735254e-01
7.084334582368683186e-01
6.134037915775891747e-01
6.728377183844713727e-01
7.864545313059352338e-01
5.628345441566580121e-01
7.805348999419905454e-01
7.104844934146967717e-01
6.205166336088510093e-01
5.605429722627377487e-01
7.425467993771235342e-01
5.719258311013390994e-01
5.755415346151266931e-01
6.593111846619308380e-01
7.261919620123116204e-01
6.475002931696280939e-01
6.661505678216599335e-01
6.262690833677595492e-01
6.835173756678045720e-01
7.500771917461861449e-01
5.721774694313315202e-01
8.295492770139389904e-01
7.337786955015417334e-01
5.546040772126161755e-01
5.941155589953837080e-01
5.945846177354638940e-01
7.693808234956804881e-01
5.468811806674729326e-01
5.744153170969639177e-01
5.189862745961164592e-01
7.171029418213379358e-01
6.548825820049728463e-01
6.717833020791204035e-01
4.957813744185841642e-01
7.581110741776395656e-01
7.184884748882041094e-01
7.059551795646257233e-01
5.461192137493853238e-01
6.156129334580242585e-01
5.943440632729561912e-01
7.578144315694288480e-01
7.031129164806770859e-01
5.911211912862199824e-01
6.778781972425349522e-01
6.585505874623507339e-01
6.793436884855736935e-01
5.941315338384483002e-01
5.743257874722758061e-01
6.098616362158963966e-01
8.450839607937723486e-01
7.679657077604815640e-01
5.796113376163702924e-01
7.313215086592208536e-01
7.208534882680339706e-01
6.162391140186969096e-01
5.213451244089810643e-01
6.482937992661845783e-01
7.276595092372275531e-01
5.481307317492962738e-01
8.271765482123214497e-01
5.076121330207570281e-01
5.955425843363864047e-01
5.835360037732115757e-01
4.750910499108158547e-01
6.367206494105630554e-01
5.736660139236846589e-01
6.068504869922080047e-01
7.155297234548925189e-01
7.031204107615849352e-01
5.857046971407839919e-01
7.278605945293605828e-01
5.506194496124408033e-01
7.130777428096735093e-01
7.483338622669180040e-01
6.012938257557607358e-01
5.201981343018096116e-01
6.391989384547827058e-01
6.169244275720302539e-01
8.228729379126775711e-01
7.387102006214263383e-01
6.146719811584944182e-01
5.772338858496368630e-01
7.240014398320973044e-01
6.209148838420333050e-01
5.591218796847101657e-01
5.478273968243456693e-01
7.356301407435239526e-01
5.291426864878303604e-01
8.029621137213780457e-01
4.992161428145287516e-01
6.322193284223942555e-01
5.421879505379365582e-01
6.177096034061833052e-01
6.352863163647270994e-01
6.643071724147375789e-01
6.132281731380544443e-01
6.138139064971710468e-01
6.276307465648960360e-01
6.408495595715066884e-01
6.732575103881883738e-01
4.662992653954916022e-01
5.456417044792054583e-01
6.733590084099887463e-01
6.729585067915024865e-01
5.199713231713758432e-01
6.521291688668497954e-01
4.762415743948622548e-01
5.498736904137331294e-01
5.920800753974617692e-01
7.269498463365380303e-01
5.858440267476225927e-01
5.992861478953273036e-01
5.407316198766238813e-01
6.752124790214111272e-01
5.952262965889758561e-01
5.735316012222599902e-01
8.202041227659719880e-01
6.652713703215709096e-01
6.963733314585169865e-01
6.848242223973879383e-01
5.428878226759366044e-01
6.625231563042888183e-01
6.586146300537665255e-01
5.850448413054891716e-01
6.441145487717108153e-01
6.848681492338073440e-01
6.582086170101320022e-01
6.268583844787372072e-01
6.473067681936299778e-01
6.129433663653554021e-01
7.897802692950790515e-01
5.997859576698374440e-01
7.041382195675396360e-01
4.472865410181370294e-01
4.235387132095329576e-01
6.627783141822192192e-01
5.296086276509868185e-01
6.379802702681445226e-01
5.569127524102981397e-01
5.506385009039149736e-01
4.836941421291527377e-01
5.719035056315533438e-01
5.550261823830169305e-01
7.147714637658282300e-01
4.441825361186602095e-01
6.058257526109400715e-01
6.970310123856506834e-01
7.275671098814200377e-01
6.559185325577345793e-01
6.379072974164650134e-01
5.300124373420658230e-01
5.509435329498728606e-01
7.512150699985795654e-01
6.417201238434699917e-01
4.994514555382920662e-01
4.547723372208167802e-01
4.592774398659003054e-01
5.945891132541873958e-01
5.103425964680354809e-01
5.076833607678281624e-01
6.124996705939338426e-01
5.587440015672768823e-01
5.312039847829623795e-01
5.278479942684635162e-01
6.445676398725481704e-01
5.625587480012654851e-01
5.588723755820765859e-01
5.979969084528420353e-01
5.462235481361403799e-01
6.034676040935664787e-01
4.359436824197473470e-01
4.754858180137944146e-01
8.678403232024720637e-01
4.687873629741261539e-01
6.115720513614846254e-01
5.112626619213642698e-01
5.409273087037469452e-01
5.251742460496870990e-01
4.919473925720012630e-01
5.036685583863231841e-01
4.770206530579343962e-01
5.053679550783272134e-01
5.163756559941248270e-01
5.366183670103055192e-01
5.165020898948569084e-01
6.489826883321256901e-01
5.295619354576857063e-01
4.365198867961908036e-01
5.068156249125195245e-01
4.753410171492760128e-01
5.763626023413053190e-01
5.209957958322775085e-01
6.663596140180771954e-01
4.685035397931187617e-01
4.925295454193019395e-01
5.253863366142468294e-01
5.376513120933452683e-01
5.168405270488847236e-01
5.748746618087352545e-01
4.751877101287789174e-01
5.677634513449447695e-01
5.218278286192798987e-01
5.272295293925708393e-01
6.539260515019122977e-01
6.125765166615053658e-01
6.429654371195534512e-01
5.663947224684307002e-01
4.381074760467527085e-01
6.376028368955681813e-01
5.175033090069405262e-01
5.668875478996824313e-01
6.029602183352835709e-01
5.810983837261574081e-01
5.178444052830428745e-01
5.850003242588286412e-01
4.246608387620653957e-01
5.319472373939788667e-01
3.938921306056926142e-01
4.951447413363894157e-01
5.537543142900176463e-01
4.696631598096701055e-01
4.961760139082116439e-01
4.900460674487021606e-01
4.688432820985326543e-01
6.252621627290864126e-01
5.114423719171625748e-01
4.925502920631998904e-01
4.315680497174696484e-01
5.382186575166452158e-01
5.485539597793831490e-01
5.278194258398798411e-01
5.811426098564425047e-01
5.625923191605579632e-01
4.809380476105786784e-01
4.175917327710294558e-01
3.082376129000294895e-01
5.293119200398699320e-01
4.485155148917172596e-01
4.636255325258389348e-01
5.980527104520092507e-01
4.782655898684264884e-01
4.167937865859130397e-01
5.782073970634655780e-01
5.291206351291748433e-01
5.573998441218037669e-01
5.545907592506011952e-01
5.302392352209608362e-01
4.309561689170777754e-01
4.143095486779202474e-01
5.056145946236938471e-01
4.741219503266620450e-01
4.174922182634759338e-01
4.575841697769646998e-01
5.356628949743935664e-01
5.204222139618650544e-01
3.926712748616409954e-01
4.782724705264627119e-01
4.611880088490352136e-01
4.650742159200547121e-01
4.943357614527172927e-01
3.854591039025763166e-01
4.798797122862197284e-01
3.712586627617611157e-01
4.945112895573799960e-01
4.629592054316162830e-01
3.998920756519055431e-01
5.584205679638287734e-01
3.799641257301118458e-01
3.982106689472857397e-01
4.662240640531081226e-01
4.758624631949714967e-01
3.953410940192725320e-01
4.803911426843683330e-01
3.688842319220384525e-01
6.612379696890116065e-01
4.969290122292022716e-01
5.223979504055478174e-01
5.734757522541258368e-01
5.192926344743682421e-01
5.028276187661049335e-01
5.384212336906699647e-01
5.797892273203615332e-01
5.186028973257634789e-01
6.536587873176848973e-01
3.777718363479891650e-01
5.044059071988158394e-01
6.148056960864778375e-01
5.506846033764816184e-01
4.925250529049662873e-01
4.643185128697027153e-01
4.703253153306832246e-01
4.729022160572640132e-01
5.302995822319331864e-01
6.114597700762374188e-01
4.040802524283400032e-01
5.202018171692888160e-01
3.988322921458582471e-01
4.438019877949841430e-01
4.426179511769987585e-01
4.673633339903062733e-01
4.383516844443420268e-01
4.076234866683989821e-01
4.748408249033673201e-01
4.825004898586158220e-01
4.855949463570770064e-01
5.239469226307846839e-01
3.627163729837832307e-01
4.758255750698481279e-01
4.806672735057873069e-01
4.805557037291237066e-01
4.583619642762641888e-01
5.223850271013361635e-01
4.356714464785227392e-01
4.767681719973211329e-01
4.297008776445494505e-01
4.434288615012889068e-01
4.196669274438136199e-01
5.515923799139272887e-01
3.794502205878416135e-01
4.773764004750233880e-01
4.602977335418358962e-01
4.586760000501559631e-01
6.210932974804563855e-01
4.032605840310452550e-01
5.178997387313302170e-01
6.512791108725650702e-01
4.622906729919158408e-01
5.113956669240451447e-01
3.898639433600692428e-01
4.752501389911003571e-01
3.807480718114675255e-01
4.175481218812819861e-01
5.464269264181780272e-01
4.512931553288126452e-01
4.724757097922847038e-01
4.078411219752524630e-01
3.559200117538239283e-01
5.401024165703347535e-01
4.564144979986526351e-01
3.513210197268108459e-01
3.794692868166293920e-01
3.209193424611793688e-01
4.475252044558146736e-01
4.987172176831791148e-01
3.813710836184327491e-01
4.475704734494314607e-01
4.019598615882387094e-01
4.827247190034142932e-01
3.515325322334774683e-01
4.396554763256972365e-01
4.750242114050386988e-01
5.928655497791623930e-01
4.076445087721367599e-01
4.636081623550580844e-01
4.367261775954602854e-01
4.058531164679379799e-01
4.199197494508553063e-01
4.046451384740237245e-01
4.240492251565797233e-01
5.210050682781997011e-01
5.162010933272540569e-01
4.578129625783731171e-01
5.583222529012346058e-01
5.694421528219208994e-01
4.073653307541462709e-01
4.664976614112674724e-01
5.898000226006843150e-01
4.736434741604966803e-01
3.250564692725674831e-01
4.069227456848238944e-01
4.701714344009815250e-01
4.087901386894010614e-01
3.477854848871402282e-01
5.818270799838387575e-01
3.924120578625291955e-01
4.421274377890789253e-01
4.319120487421059806e-01
4.555175447575265935e-01
4.502470367842761334e-01
4.727491090070827795e-01
4.642747007599155040e-01
4.224056178657065175e-01
4.809785295365145430e-01
3.911452934140129400e-01
4.962154839995491784e-01
6.163195857841401448e-01
3.057321559712136150e-01
4.087084816155766021e-01
