3.540000000000000000e+02
1.910000000000000000e+02
3.230000000000000000e+02
3.800000000000000000e+02
5.100000000000000000e+02
3.900000000000000000e+02
1.900000000000000000e+02
2.670000000000000000e+02
2.590000000000000000e+02
4.130000000000000000e+02
4.450000000000000000e+02
1.890000000000000000e+02
3.850000000000000000e+02
2.690000000000000000e+02
4.230000000000000000e+02
2.970000000000000000e+02
3.230000000000000000e+02
3.590000000000000000e+02
9.800000000000000000e+01
3.420000000000000000e+02
3.390000000000000000e+02
2.850000000000000000e+02
3.990000000000000000e+02
3.620000000000000000e+02
3.660000000000000000e+02
4.030000000000000000e+02
3.340000000000000000e+02
3.860000000000000000e+02
3.420000000000000000e+02
4.700000000000000000e+02
3.650000000000000000e+02
2.210000000000000000e+02
2.400000000000000000e+02
2.000000000000000000e+02
2.680000000000000000e+02
5.890000000000000000e+02
2.010000000000000000e+02
3.300000000000000000e+02
3.140000000000000000e+02
2.330000000000000000e+02
3.540000000000000000e+02
2.420000000000000000e+02
3.540000000000000000e+02
2.660000000000000000e+02
3.040000000000000000e+02
3.320000000000000000e+02
3.280000000000000000e+02
1.970000000000000000e+02
3.680000000000000000e+02
2.350000000000000000e+02
1.290000000000000000e+02
2.310000000000000000e+02
3.520000000000000000e+02
2.360000000000000000e+02
2.720000000000000000e+02
2.830000000000000000e+02
1.600000000000000000e+02
2.240000000000000000e+02
4.330000000000000000e+02
2.380000000000000000e+02
3.530000000000000000e+02
1.820000000000000000e+02
1.270000000000000000e+02
5.080000000000000000e+02
2.160000000000000000e+02
2.120000000000000000e+02
2.710000000000000000e+02
3.380000000000000000e+02
2.520000000000000000e+02
2.000000000000000000e+02
1.630000000000000000e+02
2.500000000000000000e+02
3.560000000000000000e+02
2.290000000000000000e+02
4.070000000000000000e+02
3.020000000000000000e+02
2.790000000000000000e+02
1.930000000000000000e+02
1.990000000000000000e+02
5.530000000000000000e+02
3.450000000000000000e+02
3.990000000000000000e+02
2.090000000000000000e+02
1.600000000000000000e+02
3.470000000000000000e+02
5.110000000000000000e+02
1.260000000000000000e+02
1.540000000000000000e+02
2.490000000000000000e+02
3.570000000000000000e+02
3.040000000000000000e+02
4.540000000000000000e+02
2.930000000000000000e+02
2.930000000000000000e+02
2.810000000000000000e+02
2.690000000000000000e+02
1.120000000000000000e+02
3.190000000000000000e+02
3.120000000000000000e+02
2.010000000000000000e+02
